    68    0.44406E+00    0.22997E+00    0.28321E+00    0.69957E+00    0.30184E+01    0.00000E+00    0.30184E+01    0.75017E+00    0.69957E+00    0.39888E+02    0.17230E+00
   105    0.39937E+00    0.35144E+00    0.29892E+00    0.76635E+00    0.31769E+01    0.00000E+00    0.31769E+01    0.12730E+01    0.76635E+00    0.50361E+01    0.21754E-01
   126    0.44504E+00    0.99142E-01    0.00000E+00    0.69675E+00    0.30179E+01    0.00000E+00    0.30179E+01    0.73890E+00    0.69675E+00    0.81317E+02    0.35126E+00
   131    0.43334E+00    0.24728E+00    0.34003E+00    0.72633E+00    0.30324E+01    0.00000E+00    0.30324E+01    0.87473E+00    0.72633E+00    0.29518E+01    0.12751E-01
   132    0.41447E+00    0.30184E+00    0.33202E+00    0.75643E+00    0.30948E+01    0.00000E+00    0.30948E+01    0.10968E+01    0.75643E+00    0.74231E+02    0.32065E+00
   133    0.39543E+00    0.23542E+00    0.24717E+00    0.76709E+00    0.32028E+01    0.00000E+00    0.32028E+01    0.13184E+01    0.76709E+00    0.23150E+03    0.10000E+01
   142    0.43202E+00    0.32036E+00    0.30961E+00    0.72913E+00    0.30352E+01    0.00000E+00    0.30352E+01    0.89023E+00    0.72913E+00    0.22652E+03    0.97848E+00
   144    0.41533E+00    0.35614E+00    0.45142E+00    0.75550E+00    0.30909E+01    0.00000E+00    0.30909E+01    0.10867E+01    0.75550E+00    0.38281E+01    0.16536E-01
   149    0.40114E+00    0.17932E+00    0.32481E+00    0.76579E+00    0.31659E+01    0.00000E+00    0.31659E+01    0.12525E+01    0.76579E+00    0.34177E+02    0.14763E+00
   154    0.40671E+00    0.10704E+00    0.11196E+00    0.76299E+00    0.31336E+01    0.00000E+00    0.31336E+01    0.11878E+01    0.76299E+00    0.62643E+02    0.27060E+00
   162    0.40504E+00    0.18791E+00    0.31698E+00    0.76399E+00    0.31429E+01    0.00000E+00    0.31429E+01    0.12072E+01    0.76399E+00    0.63519E+01    0.27438E-01
   165    0.39593E+00    0.23048E+00    0.43342E+00    0.76704E+00    0.31994E+01    0.00000E+00    0.31994E+01    0.13127E+01    0.76704E+00    0.17190E+03    0.74256E+00
   167    0.39913E+00    0.37787E+00    0.41968E+00    0.76642E+00    0.31785E+01    0.00000E+00    0.31785E+01    0.12758E+01    0.76642E+00    0.45668E+02    0.19727E+00
   170    0.44276E+00    0.21133E+00    0.18910E+00    0.70322E+00    0.30192E+01    0.00000E+00    0.30192E+01    0.76517E+00    0.70322E+00    0.10138E+02    0.43791E-01
   171    0.44343E+00    0.38591E+00    0.30665E+00    0.70134E+00    0.30187E+01    0.00000E+00    0.30187E+01    0.75736E+00    0.70134E+00    0.18850E+03    0.81424E+00
   172    0.40000E+00    0.19550E+00    0.27547E+00    0.76617E+00    0.31730E+01    0.00000E+00    0.31730E+01    0.12657E+01    0.76617E+00    0.23150E+03    0.10000E+01
   175    0.44374E+00    0.23969E+00    0.28989E+00    0.70048E+00    0.30185E+01    0.00000E+00    0.30185E+01    0.75384E+00    0.70048E+00    0.57677E+02    0.24914E+00
   178    0.40054E+00    0.22960E+00    0.14558E+00    0.76599E+00    0.31696E+01    0.00000E+00    0.31696E+01    0.12594E+01    0.76599E+00    0.12589E+03    0.54381E+00
   179    0.44801E+00    0.26555E+00    0.19370E+00    0.68784E+00    0.30173E+01    0.00000E+00    0.30173E+01    0.70509E+00    0.68784E+00    0.23150E+03    0.10000E+01
   181    0.41711E+00    0.23073E+00    0.16560E+00    0.75346E+00    0.30833E+01    0.00000E+00    0.30833E+01    0.10659E+01    0.75346E+00    0.15982E+03    0.69035E+00
   184    0.43367E+00    0.34823E+00    0.30066E+00    0.72563E+00    0.30317E+01    0.00000E+00    0.30317E+01    0.87092E+00    0.72563E+00    0.23150E+03    0.10000E+01
   185    0.42817E+00    0.32573E+00    0.28442E+00    0.73667E+00    0.30448E+01    0.00000E+00    0.30448E+01    0.93548E+00    0.73667E+00    0.61095E+01    0.26391E-01
   186    0.41526E+00    0.25568E+00    0.29771E+00    0.75558E+00    0.30913E+01    0.00000E+00    0.30913E+01    0.10876E+01    0.75558E+00    0.17547E+02    0.75796E-01
   188    0.41584E+00    0.66667E-01    0.00000E+00    0.75494E+00    0.30887E+01    0.00000E+00    0.30887E+01    0.10808E+01    0.75494E+00    0.64777E+02    0.27981E+00
   189    0.41671E+00    0.35610E+00    0.11219E+00    0.75393E+00    0.30850E+01    0.00000E+00    0.30850E+01    0.10705E+01    0.75393E+00    0.10968E+03    0.47378E+00
   193    0.39413E+00    0.40937E+00    0.27150E+00    0.76717E+00    0.32117E+01    0.00000E+00    0.32117E+01    0.13333E+01    0.76717E+00    0.14714E+03    0.63561E+00
   194    0.40067E+00    0.17750E+00    0.27459E+00    0.76595E+00    0.31688E+01    0.00000E+00    0.31688E+01    0.12579E+01    0.76595E+00    0.23150E+03    0.10000E+01
   195    0.41465E+00    0.15068E+00    0.28518E+00    0.75624E+00    0.30940E+01    0.00000E+00    0.30940E+01    0.10948E+01    0.75624E+00    0.82791E+02    0.35763E+00
   198    0.40928E+00    0.20612E+00    0.16023E+00    0.76117E+00    0.31199E+01    0.00000E+00    0.31199E+01    0.11578E+01    0.76117E+00    0.12991E+03    0.56116E+00
   200    0.39669E+00    0.23379E+00    0.33960E+00    0.76693E+00    0.31943E+01    0.00000E+00    0.31943E+01    0.13039E+01    0.76693E+00    0.81943E+02    0.35396E+00
   201    0.39554E+00    0.24416E+00    0.32093E+00    0.76708E+00    0.32020E+01    0.00000E+00    0.32020E+01    0.13171E+01    0.76708E+00    0.10621E+03    0.45880E+00
   202    0.40493E+00    0.17917E+00    0.24322E+00    0.76405E+00    0.31435E+01    0.00000E+00    0.31435E+01    0.12085E+01    0.76405E+00    0.23150E+03    0.10000E+01
   204    0.40390E+00    0.32586E+00    0.45701E+00    0.76459E+00    0.31494E+01    0.00000E+00    0.31494E+01    0.12205E+01    0.76459E+00    0.19734E+03    0.85245E+00
   207    0.39441E+00    0.17499E+00    0.34883E+00    0.76716E+00    0.32097E+01    0.00000E+00    0.32097E+01    0.13301E+01    0.76716E+00    0.58631E+02    0.25327E+00
   208    0.40216E+00    0.19353E+00    0.22315E+00    0.76539E+00    0.31597E+01    0.00000E+00    0.31597E+01    0.12407E+01    0.76539E+00    0.23150E+03    0.10000E+01
   209    0.41387E+00    0.21137E+00    0.17643E+00    0.75705E+00    0.30975E+01    0.00000E+00    0.30975E+01    0.11039E+01    0.75705E+00    0.12795E+03    0.55270E+00
   210    0.41771E+00    0.32119E+00    0.32120E+00    0.75273E+00    0.30808E+01    0.00000E+00    0.30808E+01    0.10588E+01    0.75273E+00    0.21865E+03    0.94448E+00
   212    0.40988E+00    0.24413E+00    0.27622E+00    0.76070E+00    0.31169E+01    0.00000E+00    0.31169E+01    0.11507E+01    0.76070E+00    0.22069E+02    0.95329E-01
   213    0.39338E+00    0.20548E+00    0.25110E+00    0.76719E+00    0.32169E+01    0.00000E+00    0.32169E+01    0.13419E+01    0.76719E+00    0.39731E+02    0.17163E+00
   215    0.42981E+00    0.24335E+00    0.14341E+00    0.73357E+00    0.30405E+01    0.00000E+00    0.30405E+01    0.91622E+00    0.73357E+00    0.85407E+02    0.36893E+00
   217    0.43081E+00    0.32717E+00    0.33195E+00    0.73159E+00    0.30380E+01    0.00000E+00    0.30380E+01    0.90441E+00    0.73159E+00    0.79108E+02    0.34172E+00
   218    0.43070E+00    0.24585E+00    0.29251E+00    0.73182E+00    0.30383E+01    0.00000E+00    0.30383E+01    0.90574E+00    0.73182E+00    0.23150E+03    0.10000E+01
   223    0.43750E+00    0.16961E+00    0.31802E+00    0.71682E+00    0.30251E+01    0.00000E+00    0.30251E+01    0.82614E+00    0.71682E+00    0.96962E+02    0.41884E+00
   224    0.41768E+00    0.28038E+00    0.10354E+00    0.75277E+00    0.30809E+01    0.00000E+00    0.30809E+01    0.10592E+01    0.75277E+00    0.29201E+02    0.12614E+00
   226    0.44465E+00    0.26427E+00    0.95367E-01    0.69790E+00    0.30181E+01    0.00000E+00    0.30181E+01    0.74345E+00    0.69790E+00    0.79899E+00    0.34514E-02
   227    0.44382E+00    0.68290E-01    0.00000E+00    0.70024E+00    0.30185E+01    0.00000E+00    0.30185E+01    0.75287E+00    0.70024E+00    0.23150E+03    0.10000E+01
   228    0.44528E+00    0.26082E+00    0.31306E+00    0.69606E+00    0.30178E+01    0.00000E+00    0.30178E+01    0.73620E+00    0.69606E+00    0.12611E+02    0.54477E-01
   229    0.41567E+00    0.76463E-01    0.97627E-01    0.75513E+00    0.30895E+01    0.00000E+00    0.30895E+01    0.10828E+01    0.75513E+00    0.13546E+03    0.58516E+00
   230    0.40552E+00    0.33241E+00    0.34635E+00    0.76372E+00    0.31402E+01    0.00000E+00    0.31402E+01    0.12017E+01    0.76372E+00    0.90174E+02    0.38952E+00
   231    0.39432E+00    0.24390E+00    0.36120E+00    0.76717E+00    0.32103E+01    0.00000E+00    0.32103E+01    0.13311E+01    0.76717E+00    0.18609E+03    0.80385E+00
   235    0.41131E+00    0.81796E-01    0.13056E+00    0.75949E+00    0.31097E+01    0.00000E+00    0.31097E+01    0.11340E+01    0.75949E+00    0.59114E+02    0.25535E+00
   236    0.40987E+00    0.32708E+00    0.31341E+00    0.76070E+00    0.31169E+01    0.00000E+00    0.31169E+01    0.11508E+01    0.76070E+00    0.69572E+00    0.30053E-02
   237    0.44293E+00    0.25085E+00    0.17165E+00    0.70275E+00    0.30191E+01    0.00000E+00    0.30191E+01    0.76321E+00    0.70275E+00    0.23150E+03    0.10000E+01
   238    0.41180E+00    0.17422E+00    0.13401E+00    0.75905E+00    0.31073E+01    0.00000E+00    0.31073E+01    0.11283E+01    0.75905E+00    0.25156E+02    0.10867E+00
   240    0.44685E+00    0.26026E+00    0.19949E+00    0.69141E+00    0.30173E+01    0.00000E+00    0.30173E+01    0.71835E+00    0.69141E+00    0.23150E+03    0.10000E+01
   241    0.40653E+00    0.17665E+00    0.32080E+00    0.76310E+00    0.31346E+01    0.00000E+00    0.31346E+01    0.11899E+01    0.76310E+00    0.42264E+02    0.18257E+00
   242    0.39965E+00    0.19058E+00    0.27941E+00    0.76627E+00    0.31751E+01    0.00000E+00    0.31751E+01    0.12697E+01    0.76627E+00    0.23150E+03    0.10000E+01
   243    0.41389E+00    0.23390E+00    0.18651E+00    0.75703E+00    0.30974E+01    0.00000E+00    0.30974E+01    0.11037E+01    0.75703E+00    0.10422E+02    0.45021E-01
   245    0.42970E+00    0.24381E+00    0.37041E+00    0.73378E+00    0.30408E+01    0.00000E+00    0.30408E+01    0.91748E+00    0.73378E+00    0.32041E+01    0.13840E-01
   246    0.43184E+00    0.21668E+00    0.38709E+00    0.72950E+00    0.30356E+01    0.00000E+00    0.30356E+01    0.89231E+00    0.72950E+00    0.10809E+02    0.46690E-01
   250    0.40070E+00    0.33328E+00    0.27815E+00    0.76594E+00    0.31686E+01    0.00000E+00    0.31686E+01    0.12576E+01    0.76594E+00    0.44030E+02    0.19019E+00
   251    0.40502E+00    0.33872E+00    0.28747E+00    0.76400E+00    0.31430E+01    0.00000E+00    0.31430E+01    0.12074E+01    0.76400E+00    0.64618E+02    0.27913E+00
   252    0.42252E+00    0.33846E+00    0.29586E+00    0.74613E+00    0.30625E+01    0.00000E+00    0.30625E+01    0.10021E+01    0.74613E+00    0.31143E+02    0.13453E+00
   253    0.43089E+00    0.24906E+00    0.35295E+00    0.73144E+00    0.30379E+01    0.00000E+00    0.30379E+01    0.90353E+00    0.73144E+00    0.47164E+01    0.20373E-01
   255    0.41801E+00    0.31883E+00    0.27275E+00    0.75236E+00    0.30796E+01    0.00000E+00    0.30796E+01    0.10553E+01    0.75236E+00    0.30517E+02    0.13182E+00
   256    0.42464E+00    0.30874E+00    0.34369E+00    0.74281E+00    0.30554E+01    0.00000E+00    0.30554E+01    0.97709E+00    0.74281E+00    0.10967E+03    0.47374E+00
   257    0.43394E+00    0.38591E+00    0.36256E+00    0.72503E+00    0.30312E+01    0.00000E+00    0.30312E+01    0.86772E+00    0.72503E+00    0.97086E+02    0.41938E+00
   258    0.42879E+00    0.34592E+00    0.34077E+00    0.73552E+00    0.30431E+01    0.00000E+00    0.30431E+01    0.92818E+00    0.73552E+00    0.70119E+02    0.30289E+00
   259    0.44195E+00    0.22123E+00    0.94751E-01    0.70543E+00    0.30199E+01    0.00000E+00    0.30199E+01    0.77451E+00    0.70543E+00    0.59690E+01    0.25784E-01
   260    0.44267E+00    0.18756E+00    0.45604E-01    0.70346E+00    0.30193E+01    0.00000E+00    0.30193E+01    0.76614E+00    0.70346E+00    0.16308E+03    0.70445E+00
   261    0.41154E+00    0.21716E+00    0.30794E+00    0.75928E+00    0.31086E+01    0.00000E+00    0.31086E+01    0.11312E+01    0.75928E+00    0.23150E+03    0.10000E+01
   262    0.44569E+00    0.29600E+00    0.21318E+00    0.69487E+00    0.30176E+01    0.00000E+00    0.30176E+01    0.73155E+00    0.69487E+00    0.58088E+02    0.25092E+00
   263    0.44318E+00    0.21171E+00    0.54571E-01    0.70204E+00    0.30189E+01    0.00000E+00    0.30189E+01    0.76026E+00    0.70204E+00    0.23150E+03    0.10000E+01
   264    0.40563E+00    0.39692E-01    0.33925E+00    0.76366E+00    0.31396E+01    0.00000E+00    0.31396E+01    0.12004E+01    0.76366E+00    0.23150E+03    0.10000E+01
   265    0.40374E+00    0.19231E+00    0.27693E+00    0.76468E+00    0.31504E+01    0.00000E+00    0.31504E+01    0.12224E+01    0.76468E+00    0.15690E+02    0.67774E-01
   266    0.44114E+00    0.22670E+00    0.28676E+00    0.70758E+00    0.30206E+01    0.00000E+00    0.30206E+01    0.78379E+00    0.70758E+00    0.23150E+03    0.10000E+01
   268    0.40236E+00    0.31772E+00    0.17990E-01    0.76531E+00    0.31585E+01    0.00000E+00    0.31585E+01    0.12384E+01    0.76531E+00    0.59332E+02    0.25629E+00
   269    0.44645E+00    0.25760E+00    0.88627E-01    0.69259E+00    0.30174E+01    0.00000E+00    0.30174E+01    0.72280E+00    0.69259E+00    0.23150E+03    0.10000E+01
   271    0.43571E+00    0.21885E+00    0.37024E+00    0.72105E+00    0.30279E+01    0.00000E+00    0.30279E+01    0.84700E+00    0.72105E+00    0.22793E+02    0.98456E-01
   273    0.39345E+00    0.24638E+00    0.28153E+00    0.76719E+00    0.32164E+01    0.00000E+00    0.32164E+01    0.13411E+01    0.76719E+00    0.83069E+02    0.35883E+00
   274    0.40198E+00    0.18454E+00    0.24111E+00    0.76546E+00    0.31608E+01    0.00000E+00    0.31608E+01    0.12428E+01    0.76546E+00    0.16873E+02    0.72883E-01
   275    0.43044E+00    0.25009E+00    0.28171E+00    0.73235E+00    0.30389E+01    0.00000E+00    0.30389E+01    0.90885E+00    0.73235E+00    0.20623E+02    0.89084E-01
   276    0.43026E+00    0.24232E+00    0.21465E+00    0.73269E+00    0.30394E+01    0.00000E+00    0.30394E+01    0.91090E+00    0.73269E+00    0.10686E+02    0.46161E-01
   277    0.41892E+00    0.32775E+00    0.21150E+00    0.75120E+00    0.30759E+01    0.00000E+00    0.30759E+01    0.10446E+01    0.75120E+00    0.11940E+03    0.51577E+00
   278    0.43562E+00    0.33107E+00    0.31002E+00    0.72124E+00    0.30281E+01    0.00000E+00    0.30281E+01    0.84801E+00    0.72124E+00    0.36181E+01    0.15629E-01
   279    0.43975E+00    0.20718E+00    0.23382E+00    0.71120E+00    0.30221E+01    0.00000E+00    0.30221E+01    0.79988E+00    0.71120E+00    0.19169E+03    0.82804E+00
   280    0.43509E+00    0.19956E+00    0.17843E+00    0.72247E+00    0.30290E+01    0.00000E+00    0.30290E+01    0.85430E+00    0.72247E+00    0.19925E+03    0.86068E+00
   281    0.43232E+00    0.75932E-01    0.00000E+00    0.72850E+00    0.30346E+01    0.00000E+00    0.30346E+01    0.88670E+00    0.72850E+00    0.15430E+03    0.66653E+00
   282    0.40623E+00    0.24779E+00    0.42083E+00    0.76329E+00    0.31362E+01    0.00000E+00    0.31362E+01    0.11934E+01    0.76329E+00    0.23150E+03    0.10000E+01
   283    0.43215E+00    0.21916E+00    0.35938E+00    0.72886E+00    0.30349E+01    0.00000E+00    0.30349E+01    0.88868E+00    0.72886E+00    0.31233E+02    0.13491E+00
   285    0.44198E+00    0.29598E+00    0.21754E+00    0.70533E+00    0.30198E+01    0.00000E+00    0.30198E+01    0.77408E+00    0.70533E+00    0.16360E+03    0.70668E+00
   286    0.44016E+00    0.13790E+00    0.19584E+00    0.71016E+00    0.30216E+01    0.00000E+00    0.30216E+01    0.79518E+00    0.71016E+00    0.62410E+02    0.26959E+00
   291    0.44669E+00    0.27303E+00    0.29016E+00    0.69189E+00    0.30174E+01    0.00000E+00    0.30174E+01    0.72013E+00    0.69189E+00    0.23150E+03    0.10000E+01
   292    0.44752E+00    0.21112E+00    0.23212E+00    0.68935E+00    0.30173E+01    0.00000E+00    0.30173E+01    0.71063E+00    0.68935E+00    0.23150E+03    0.10000E+01
   293    0.43429E+00    0.25054E+00    0.29633E+00    0.72425E+00    0.30305E+01    0.00000E+00    0.30305E+01    0.86359E+00    0.72425E+00    0.20877E+01    0.90182E-02
   294    0.44198E+00    0.24759E+00    0.25620E+00    0.70535E+00    0.30198E+01    0.00000E+00    0.30198E+01    0.77417E+00    0.70535E+00    0.88308E+01    0.38146E-01
   295    0.43404E+00    0.16974E+00    0.23743E+00    0.72482E+00    0.30310E+01    0.00000E+00    0.30310E+01    0.86660E+00    0.72482E+00    0.23150E+03    0.10000E+01
   296    0.40415E+00    0.20975E+00    0.19096E+00    0.76447E+00    0.31480E+01    0.00000E+00    0.31480E+01    0.12177E+01    0.76447E+00    0.85908E+02    0.37109E+00
   297    0.39664E+00    0.29529E+00    0.31300E+00    0.76694E+00    0.31946E+01    0.00000E+00    0.31946E+01    0.13045E+01    0.76694E+00    0.23150E+03    0.10000E+01
   298    0.39418E+00    0.34787E+00    0.29810E+00    0.76717E+00    0.32113E+01    0.00000E+00    0.32113E+01    0.13327E+01    0.76717E+00    0.44405E+00    0.19182E-02
   300    0.44529E+00    0.25080E+00    0.19751E+00    0.69604E+00    0.30178E+01    0.00000E+00    0.30178E+01    0.73612E+00    0.69604E+00    0.23150E+03    0.10000E+01
   302    0.41522E+00    0.22679E+00    0.18685E+00    0.75562E+00    0.30914E+01    0.00000E+00    0.30914E+01    0.10881E+01    0.75562E+00    0.13131E+03    0.56719E+00
   303    0.39727E+00    0.28447E+00    0.32829E+00    0.76684E+00    0.31905E+01    0.00000E+00    0.31905E+01    0.12972E+01    0.76684E+00    0.23150E+03    0.10000E+01
   304    0.39354E+00    0.35869E+00    0.28281E+00    0.76719E+00    0.32157E+01    0.00000E+00    0.32157E+01    0.13400E+01    0.76719E+00    0.51077E+02    0.22063E+00
   306    0.39933E+00    0.24339E+00    0.20919E+00    0.76637E+00    0.31772E+01    0.00000E+00    0.31772E+01    0.12735E+01    0.76637E+00    0.49774E+02    0.21501E+00
   307    0.40510E+00    0.20006E+00    0.19928E+00    0.76396E+00    0.31426E+01    0.00000E+00    0.31426E+01    0.12065E+01    0.76396E+00    0.23150E+03    0.10000E+01
   308    0.40532E+00    0.18538E+00    0.28576E+00    0.76383E+00    0.31413E+01    0.00000E+00    0.31413E+01    0.12040E+01    0.76383E+00    0.15739E+03    0.67986E+00
   309    0.40394E+00    0.24079E+00    0.35131E+00    0.76457E+00    0.31492E+01    0.00000E+00    0.31492E+01    0.12200E+01    0.76457E+00    0.41040E+02    0.17728E+00
   310    0.41127E+00    0.16687E+00    0.23626E+00    0.75952E+00    0.31099E+01    0.00000E+00    0.31099E+01    0.11345E+01    0.75952E+00    0.23150E+03    0.10000E+01
   312    0.40518E+00    0.19143E+00    0.32315E+00    0.76391E+00    0.31421E+01    0.00000E+00    0.31421E+01    0.12056E+01    0.76391E+00    0.10131E+03    0.43761E+00
   313    0.41404E+00    0.72088E-01    0.12489E-02    0.75688E+00    0.30967E+01    0.00000E+00    0.30967E+01    0.11019E+01    0.75688E+00    0.72950E+02    0.31512E+00
   314    0.41311E+00    0.76375E-01    0.17551E+00    0.75782E+00    0.31011E+01    0.00000E+00    0.31011E+01    0.11129E+01    0.75782E+00    0.88694E+02    0.38313E+00
   315    0.39333E+00    0.35234E+00    0.24648E+00    0.76719E+00    0.32172E+01    0.00000E+00    0.32172E+01    0.13424E+01    0.76719E+00    0.23150E+03    0.10000E+01
   316    0.39417E+00    0.26251E+00    0.27612E+00    0.76717E+00    0.32113E+01    0.00000E+00    0.32113E+01    0.13328E+01    0.76717E+00    0.23160E+02    0.10004E+00
   318    0.44779E+00    0.22594E+00    0.27125E+00    0.68853E+00    0.30173E+01    0.00000E+00    0.30173E+01    0.70764E+00    0.68853E+00    0.18648E+03    0.80555E+00
   319    0.42749E+00    0.37410E+00    0.28190E+00    0.73791E+00    0.30467E+01    0.00000E+00    0.30467E+01    0.94348E+00    0.73791E+00    0.22109E+03    0.95503E+00
   320    0.44728E+00    0.15758E+00    0.21681E+00    0.69008E+00    0.30173E+01    0.00000E+00    0.30173E+01    0.71337E+00    0.69008E+00    0.23150E+03    0.10000E+01
   321    0.42695E+00    0.32999E+00    0.31780E+00    0.73888E+00    0.30483E+01    0.00000E+00    0.30483E+01    0.94987E+00    0.73888E+00    0.23150E+03    0.10000E+01
   322    0.42157E+00    0.31837E+00    0.33534E+00    0.74754E+00    0.30659E+01    0.00000E+00    0.30659E+01    0.10133E+01    0.74754E+00    0.23150E+03    0.10000E+01
   324    0.42768E+00    0.35117E+00    0.35644E+00    0.73757E+00    0.30462E+01    0.00000E+00    0.30462E+01    0.94126E+00    0.73757E+00    0.30872E+02    0.13336E+00
   327    0.43630E+00    0.20930E+00    0.47171E+00    0.71958E+00    0.30271E+01    0.00000E+00    0.30271E+01    0.84018E+00    0.71958E+00    0.19903E+03    0.85973E+00
   328    0.41833E+00    0.25841E+00    0.21416E-01    0.75195E+00    0.30783E+01    0.00000E+00    0.30783E+01    0.10515E+01    0.75195E+00    0.23150E+03    0.10000E+01
   331    0.42128E+00    0.00000E+00    0.18072E+00    0.74796E+00    0.30669E+01    0.00000E+00    0.30669E+01    0.10167E+01    0.74796E+00    0.23150E+03    0.10000E+01
   332    0.41074E+00    0.40885E+00    0.20629E+00    0.75998E+00    0.31125E+01    0.00000E+00    0.31125E+01    0.11406E+01    0.75998E+00    0.20460E+03    0.88379E+00
   334    0.42577E+00    0.35256E+00    0.23159E+00    0.74093E+00    0.30518E+01    0.00000E+00    0.30518E+01    0.96385E+00    0.74093E+00    0.12974E+02    0.56042E-01
   335    0.40679E+00    0.23104E+00    0.28459E+00    0.76294E+00    0.31331E+01    0.00000E+00    0.31331E+01    0.11868E+01    0.76294E+00    0.23150E+03    0.10000E+01
   336    0.40872E+00    0.52777E-01    0.33089E+00    0.76160E+00    0.31229E+01    0.00000E+00    0.31229E+01    0.11644E+01    0.76160E+00    0.16366E+02    0.70698E-01
   339    0.39342E+00    0.17461E+00    0.24203E+00    0.76719E+00    0.32166E+01    0.00000E+00    0.32166E+01    0.13414E+01    0.76719E+00    0.81921E-01    0.35387E-03
   340    0.39350E+00    0.38956E+00    0.29188E+00    0.76719E+00    0.32160E+01    0.00000E+00    0.32160E+01    0.13405E+01    0.76719E+00    0.23150E+03    0.10000E+01
   342    0.41369E+00    0.11828E+00    0.19934E+00    0.75724E+00    0.30984E+01    0.00000E+00    0.30984E+01    0.11061E+01    0.75724E+00    0.14823E+02    0.64030E-01
   343    0.44784E+00    0.20784E+00    0.41708E+00    0.68836E+00    0.30173E+01    0.00000E+00    0.30173E+01    0.70700E+00    0.68836E+00    0.36468E+02    0.15753E+00
   344    0.43493E+00    0.22259E+00    0.31088E+00    0.72282E+00    0.30293E+01    0.00000E+00    0.30293E+01    0.85611E+00    0.72282E+00    0.32292E+00    0.13949E-02
   345    0.42818E+00    0.32086E+00    0.28664E+00    0.73666E+00    0.30448E+01    0.00000E+00    0.30448E+01    0.93543E+00    0.73666E+00    0.23150E+03    0.10000E+01
   346    0.44046E+00    0.25482E+00    0.28201E+00    0.70938E+00    0.30213E+01    0.00000E+00    0.30213E+01    0.79170E+00    0.70938E+00    0.65749E+02    0.28401E+00
   347    0.40238E+00    0.21164E+00    0.22037E+00    0.76530E+00    0.31584E+01    0.00000E+00    0.31584E+01    0.12381E+01    0.76530E+00    0.36324E+01    0.15691E-01
   349    0.41712E+00    0.28739E+00    0.28050E+00    0.75345E+00    0.30833E+01    0.00000E+00    0.30833E+01    0.10657E+01    0.75345E+00    0.94854E+01    0.40974E-01
   350    0.42423E+00    0.39311E+00    0.17538E+00    0.74347E+00    0.30567E+01    0.00000E+00    0.30567E+01    0.98190E+00    0.74347E+00    0.23150E+03    0.10000E+01
   351    0.39586E+00    0.19634E+00    0.24008E+00    0.76704E+00    0.31998E+01    0.00000E+00    0.31998E+01    0.13134E+01    0.76704E+00    0.29326E+02    0.12668E+00
   352    0.39717E+00    0.11828E+00    0.29043E+00    0.76685E+00    0.31911E+01    0.00000E+00    0.31911E+01    0.12984E+01    0.76685E+00    0.70296E+02    0.30365E+00
   353    0.42495E+00    0.31812E+00    0.41367E+00    0.74231E+00    0.30544E+01    0.00000E+00    0.30544E+01    0.97350E+00    0.74231E+00    0.10399E+03    0.44919E+00
   354    0.42421E+00    0.29459E+00    0.13575E+00    0.74350E+00    0.30568E+01    0.00000E+00    0.30568E+01    0.98213E+00    0.74350E+00    0.25282E+02    0.10921E+00
   355    0.40978E+00    0.24320E+00    0.24484E+00    0.76077E+00    0.31174E+01    0.00000E+00    0.31174E+01    0.11519E+01    0.76077E+00    0.96803E+02    0.41815E+00
   356    0.41557E+00    0.24431E+00    0.21950E+00    0.75524E+00    0.30899E+01    0.00000E+00    0.30899E+01    0.10840E+01    0.75524E+00    0.23150E+03    0.10000E+01
   357    0.42612E+00    0.38673E+00    0.30220E+00    0.74033E+00    0.30508E+01    0.00000E+00    0.30508E+01    0.95970E+00    0.74033E+00    0.17550E+03    0.75812E+00
   358    0.41317E+00    0.72703E-01    0.32667E+00    0.75775E+00    0.31008E+01    0.00000E+00    0.31008E+01    0.11121E+01    0.75775E+00    0.23150E+03    0.10000E+01
   359    0.44359E+00    0.14229E+00    0.38007E+00    0.70091E+00    0.30186E+01    0.00000E+00    0.30186E+01    0.75559E+00    0.70091E+00    0.18071E+03    0.78060E+00
   360    0.42842E+00    0.21228E+00    0.20286E+00    0.73622E+00    0.30442E+01    0.00000E+00    0.30442E+01    0.93264E+00    0.73622E+00    0.23150E+03    0.10000E+01
   361    0.43789E+00    0.21560E+00    0.22428E+00    0.71587E+00    0.30245E+01    0.00000E+00    0.30245E+01    0.82154E+00    0.71587E+00    0.22141E+02    0.95644E-01
   362    0.44143E+00    0.18024E+00    0.40604E+00    0.70682E+00    0.30203E+01    0.00000E+00    0.30203E+01    0.78047E+00    0.70682E+00    0.82942E+02    0.35828E+00
   363    0.44146E+00    0.26551E+00    0.00000E+00    0.70673E+00    0.30203E+01    0.00000E+00    0.30203E+01    0.78008E+00    0.70673E+00    0.17333E+02    0.74872E-01
   364    0.40891E+00    0.31776E+00    0.25270E+00    0.76145E+00    0.31219E+01    0.00000E+00    0.31219E+01    0.11621E+01    0.76145E+00    0.21164E+03    0.91420E+00
   365    0.41059E+00    0.17465E+00    0.11989E+00    0.76011E+00    0.31133E+01    0.00000E+00    0.31133E+01    0.11424E+01    0.76011E+00    0.31699E-01    0.13693E-03
   366    0.40362E+00    0.20479E+00    0.28357E+00    0.76473E+00    0.31511E+01    0.00000E+00    0.31511E+01    0.12238E+01    0.76473E+00    0.91387E+02    0.39476E+00
   367    0.43491E+00    0.29019E+00    0.26223E+00    0.72287E+00    0.30294E+01    0.00000E+00    0.30294E+01    0.85636E+00    0.72287E+00    0.43573E+02    0.18822E+00
   368    0.43785E+00    0.25821E+00    0.16446E+00    0.71597E+00    0.30246E+01    0.00000E+00    0.30246E+01    0.82202E+00    0.71597E+00    0.14381E+03    0.62121E+00
   369    0.40333E+00    0.25216E+00    0.29139E+00    0.76487E+00    0.31528E+01    0.00000E+00    0.31528E+01    0.12272E+01    0.76487E+00    0.19397E+03    0.83789E+00
   370    0.40267E+00    0.17872E+00    0.27446E+00    0.76517E+00    0.31567E+01    0.00000E+00    0.31567E+01    0.12348E+01    0.76517E+00    0.23150E+03    0.10000E+01
   372    0.39703E+00    0.20700E+00    0.37722E+00    0.76688E+00    0.31921E+01    0.00000E+00    0.31921E+01    0.13000E+01    0.76688E+00    0.14000E+03    0.60475E+00
   373    0.43447E+00    0.26500E+00    0.16982E+00    0.72385E+00    0.30302E+01    0.00000E+00    0.30302E+01    0.86147E+00    0.72385E+00    0.59012E+02    0.25491E+00
   374    0.43904E+00    0.18540E+00    0.18025E+00    0.71301E+00    0.30229E+01    0.00000E+00    0.30229E+01    0.80817E+00    0.71301E+00    0.52662E+02    0.22748E+00
   375    0.43237E+00    0.21704E+00    0.28571E+00    0.72840E+00    0.30345E+01    0.00000E+00    0.30345E+01    0.88609E+00    0.72840E+00    0.66909E+01    0.28902E-01
   378    0.43756E+00    0.23450E+00    0.25582E+00    0.71666E+00    0.30250E+01    0.00000E+00    0.30250E+01    0.82537E+00    0.71666E+00    0.27989E+01    0.12090E-01
   380    0.41178E+00    0.43101E+00    0.46200E+00    0.75907E+00    0.31074E+01    0.00000E+00    0.31074E+01    0.11285E+01    0.75907E+00    0.23150E+03    0.10000E+01
   381    0.40249E+00    0.10642E+00    0.45301E+00    0.76525E+00    0.31577E+01    0.00000E+00    0.31577E+01    0.12369E+01    0.76525E+00    0.13421E+03    0.57973E+00
   382    0.44276E+00    0.36129E+00    0.40116E-01    0.70321E+00    0.30192E+01    0.00000E+00    0.30192E+01    0.76512E+00    0.70321E+00    0.18164E+00    0.78461E-03
   385    0.39580E+00    0.24461E+00    0.28956E+00    0.76705E+00    0.32002E+01    0.00000E+00    0.32002E+01    0.13141E+01    0.76705E+00    0.71018E+01    0.30677E-01
   386    0.40036E+00    0.28781E+00    0.24965E+00    0.76606E+00    0.31707E+01    0.00000E+00    0.31707E+01    0.12616E+01    0.76606E+00    0.15039E+03    0.64963E+00
   387    0.40704E+00    0.24040E+00    0.29620E+00    0.76277E+00    0.31318E+01    0.00000E+00    0.31318E+01    0.11839E+01    0.76277E+00    0.23150E+03    0.10000E+01
   388    0.41986E+00    0.29020E+00    0.22915E+00    0.74995E+00    0.30723E+01    0.00000E+00    0.30723E+01    0.10335E+01    0.74995E+00    0.35169E+02    0.15192E+00
   389    0.40812E+00    0.31664E+00    0.20303E-01    0.76204E+00    0.31260E+01    0.00000E+00    0.31260E+01    0.11714E+01    0.76204E+00    0.23150E+03    0.10000E+01
   390    0.41750E+00    0.00000E+00    0.22454E+00    0.75298E+00    0.30817E+01    0.00000E+00    0.30817E+01    0.10613E+01    0.75298E+00    0.37062E+02    0.16010E+00
   391    0.40315E+00    0.16039E+00    0.22566E+00    0.76495E+00    0.31538E+01    0.00000E+00    0.31538E+01    0.12292E+01    0.76495E+00    0.41340E+01    0.17858E-01
   392    0.40431E+00    0.35739E+00    0.00000E+00    0.76439E+00    0.31471E+01    0.00000E+00    0.31471E+01    0.12158E+01    0.76439E+00    0.10358E+03    0.44743E+00
   393    0.40320E+00    0.18752E+00    0.29116E+00    0.76493E+00    0.31536E+01    0.00000E+00    0.31536E+01    0.12287E+01    0.76493E+00    0.23150E+03    0.10000E+01
   394    0.40692E+00    0.22195E+00    0.28481E+00    0.76285E+00    0.31324E+01    0.00000E+00    0.31324E+01    0.11853E+01    0.76285E+00    0.13606E+03    0.58775E+00
   395    0.42598E+00    0.29484E+00    0.44212E+00    0.74056E+00    0.30512E+01    0.00000E+00    0.30512E+01    0.96127E+00    0.74056E+00    0.23150E+03    0.10000E+01
   396    0.42985E+00    0.27234E+00    0.32451E+00    0.73349E+00    0.30404E+01    0.00000E+00    0.30404E+01    0.91573E+00    0.73349E+00    0.18532E+02    0.80054E-01
   397    0.43088E+00    0.31827E+00    0.34042E+00    0.73146E+00    0.30379E+01    0.00000E+00    0.30379E+01    0.90362E+00    0.73146E+00    0.41396E+00    0.17882E-02
   398    0.41948E+00    0.34601E+00    0.33569E+00    0.75045E+00    0.30737E+01    0.00000E+00    0.30737E+01    0.10379E+01    0.75045E+00    0.13642E+03    0.58930E+00
   399    0.40404E+00    0.18116E+00    0.26967E+00    0.76452E+00    0.31486E+01    0.00000E+00    0.31486E+01    0.12188E+01    0.76452E+00    0.23150E+03    0.10000E+01
   400    0.40242E+00    0.18354E+00    0.34090E+00    0.76528E+00    0.31582E+01    0.00000E+00    0.31582E+01    0.12378E+01    0.76528E+00    0.68911E+00    0.29767E-02
   401    0.44366E+00    0.18933E+00    0.26828E+00    0.70071E+00    0.30186E+01    0.00000E+00    0.30186E+01    0.75479E+00    0.70071E+00    0.19724E+02    0.85201E-01
   402    0.43829E+00    0.22389E+00    0.23920E+00    0.71488E+00    0.30239E+01    0.00000E+00    0.30239E+01    0.81685E+00    0.71488E+00    0.23150E+03    0.10000E+01
   403    0.44431E+00    0.22138E+00    0.33373E+00    0.69886E+00    0.30182E+01    0.00000E+00    0.30182E+01    0.74731E+00    0.69886E+00    0.23150E+03    0.10000E+01
   404    0.40098E+00    0.21508E+00    0.14398E+00    0.76584E+00    0.31669E+01    0.00000E+00    0.31669E+01    0.12544E+01    0.76584E+00    0.18920E+03    0.81727E+00
   405    0.42270E+00    0.31070E+00    0.46585E+00    0.74586E+00    0.30619E+01    0.00000E+00    0.30619E+01    0.99998E+00    0.74586E+00    0.50146E+01    0.21661E-01
   409    0.43245E+00    0.22850E+00    0.93342E-01    0.72824E+00    0.30343E+01    0.00000E+00    0.30343E+01    0.88524E+00    0.72824E+00    0.23150E+03    0.10000E+01
   411    0.41954E+00    0.29582E+00    0.31635E+00    0.75038E+00    0.30735E+01    0.00000E+00    0.30735E+01    0.10373E+01    0.75038E+00    0.20099E+02    0.86820E-01
   412    0.42454E+00    0.32156E+00    0.28195E+00    0.74298E+00    0.30557E+01    0.00000E+00    0.30557E+01    0.97835E+00    0.74298E+00    0.23150E+03    0.10000E+01
   413    0.40471E+00    0.16765E+00    0.27140E+00    0.76418E+00    0.31448E+01    0.00000E+00    0.31448E+01    0.12111E+01    0.76418E+00    0.35098E+02    0.15161E+00
   414    0.39523E+00    0.29554E+00    0.33135E+00    0.76711E+00    0.32041E+01    0.00000E+00    0.32041E+01    0.13206E+01    0.76711E+00    0.23150E+03    0.10000E+01
   415    0.41573E+00    0.22678E+00    0.28061E+00    0.75506E+00    0.30892E+01    0.00000E+00    0.30892E+01    0.10820E+01    0.75506E+00    0.12551E+01    0.54215E-02
   416    0.43987E+00    0.22036E+00    0.31053E+00    0.71090E+00    0.30219E+01    0.00000E+00    0.30219E+01    0.79852E+00    0.71090E+00    0.23150E+03    0.10000E+01
   417    0.42103E+00    0.21005E+00    0.00000E+00    0.74832E+00    0.30678E+01    0.00000E+00    0.30678E+01    0.10197E+01    0.74832E+00    0.23150E+03    0.10000E+01
   418    0.40885E+00    0.20923E+00    0.43903E+00    0.76150E+00    0.31222E+01    0.00000E+00    0.31222E+01    0.11628E+01    0.76150E+00    0.59255E+02    0.25596E+00
   419    0.39478E+00    0.27063E+00    0.27370E+00    0.76714E+00    0.32071E+01    0.00000E+00    0.32071E+01    0.13258E+01    0.76714E+00    0.19357E+03    0.83615E+00
   420    0.39569E+00    0.20235E+00    0.38505E+00    0.76706E+00    0.32010E+01    0.00000E+00    0.32010E+01    0.13154E+01    0.76706E+00    0.12023E+03    0.51935E+00
   422    0.44135E+00    0.46306E-01    0.46812E+00    0.70703E+00    0.30204E+01    0.00000E+00    0.30204E+01    0.78140E+00    0.70703E+00    0.23150E+03    0.10000E+01
   423    0.43234E+00    0.25198E+00    0.18931E+00    0.72846E+00    0.30345E+01    0.00000E+00    0.30345E+01    0.88648E+00    0.72846E+00    0.17471E+02    0.75469E-01
   424    0.44189E+00    0.27741E+00    0.21433E+00    0.70559E+00    0.30199E+01    0.00000E+00    0.30199E+01    0.77518E+00    0.70559E+00    0.23150E+03    0.10000E+01
   425    0.42120E+00    0.26849E+00    0.98489E-01    0.74807E+00    0.30672E+01    0.00000E+00    0.30672E+01    0.10176E+01    0.74807E+00    0.99701E+02    0.43067E+00
   426    0.41347E+00    0.16427E+00    0.41236E+00    0.75745E+00    0.30994E+01    0.00000E+00    0.30994E+01    0.11086E+01    0.75745E+00    0.11523E+03    0.49777E+00
   427    0.42873E+00    0.36211E+00    0.17448E+00    0.73563E+00    0.30433E+01    0.00000E+00    0.30433E+01    0.92888E+00    0.73563E+00    0.23150E+03    0.10000E+01
   428    0.41426E+00    0.25779E+00    0.14488E+00    0.75665E+00    0.30957E+01    0.00000E+00    0.30957E+01    0.10993E+01    0.75665E+00    0.25743E+02    0.11120E+00
   430    0.44233E+00    0.26870E+00    0.23353E+00    0.70439E+00    0.30195E+01    0.00000E+00    0.30195E+01    0.77009E+00    0.70439E+00    0.23150E+03    0.10000E+01
   431    0.43894E+00    0.19794E+00    0.14467E+00    0.71326E+00    0.30231E+01    0.00000E+00    0.30231E+01    0.80929E+00    0.71326E+00    0.23150E+03    0.10000E+01
   432    0.44788E+00    0.32476E+00    0.29677E+00    0.68824E+00    0.30173E+01    0.00000E+00    0.30173E+01    0.70655E+00    0.68824E+00    0.23150E+03    0.10000E+01
   433    0.44492E+00    0.21524E+00    0.20761E+00    0.69712E+00    0.30179E+01    0.00000E+00    0.30179E+01    0.74036E+00    0.69712E+00    0.15186E+03    0.65598E+00
   434    0.44151E+00    0.35446E+00    0.27666E+00    0.70660E+00    0.30202E+01    0.00000E+00    0.30202E+01    0.77951E+00    0.70660E+00    0.23150E+03    0.10000E+01
   435    0.41573E+00    0.23252E+00    0.43858E+00    0.75506E+00    0.30892E+01    0.00000E+00    0.30892E+01    0.10821E+01    0.75506E+00    0.37507E+02    0.16202E+00
   436    0.42505E+00    0.15226E+00    0.00000E+00    0.74213E+00    0.30541E+01    0.00000E+00    0.30541E+01    0.97223E+00    0.74213E+00    0.12215E+02    0.52763E-01
   437    0.42518E+00    0.27122E+00    0.25752E+00    0.74192E+00    0.30537E+01    0.00000E+00    0.30537E+01    0.97077E+00    0.74192E+00    0.19047E+03    0.82277E+00
   438    0.42365E+00    0.17358E+00    0.18308E+00    0.74440E+00    0.30586E+01    0.00000E+00    0.30586E+01    0.98882E+00    0.74440E+00    0.26728E+02    0.11546E+00
   441    0.40308E+00    0.24741E+00    0.44527E+00    0.76499E+00    0.31542E+01    0.00000E+00    0.31542E+01    0.12300E+01    0.76499E+00    0.52842E+02    0.22826E+00
   442    0.40648E+00    0.25254E+00    0.23462E+00    0.76314E+00    0.31349E+01    0.00000E+00    0.31349E+01    0.11905E+01    0.76314E+00    0.20583E+03    0.88910E+00
   445    0.41794E+00    0.28252E+00    0.00000E+00    0.75244E+00    0.30799E+01    0.00000E+00    0.30799E+01    0.10561E+01    0.75244E+00    0.16824E+03    0.72675E+00
   446    0.40768E+00    0.27354E-01    0.25677E+00    0.76234E+00    0.31283E+01    0.00000E+00    0.31283E+01    0.11765E+01    0.76234E+00    0.12606E+03    0.54452E+00
   447    0.39561E+00    0.25834E+00    0.29674E+00    0.76707E+00    0.32015E+01    0.00000E+00    0.32015E+01    0.13162E+01    0.76707E+00    0.23150E+03    0.10000E+01
   448    0.42478E+00    0.36873E+00    0.30259E+00    0.74258E+00    0.30549E+01    0.00000E+00    0.30549E+01    0.97544E+00    0.74258E+00    0.23150E+03    0.10000E+01
   449    0.43794E+00    0.25172E+00    0.31580E+00    0.71574E+00    0.30244E+01    0.00000E+00    0.30244E+01    0.82096E+00    0.71574E+00    0.23150E+03    0.10000E+01
   450    0.43586E+00    0.25039E+00    0.30625E+00    0.72070E+00    0.30277E+01    0.00000E+00    0.30277E+01    0.84525E+00    0.72070E+00    0.14732E+03    0.63638E+00
   454    0.39467E+00    0.15925E+00    0.18101E+00    0.76715E+00    0.32079E+01    0.00000E+00    0.32079E+01    0.13271E+01    0.76715E+00    0.23150E+03    0.10000E+01
   455    0.39468E+00    0.19312E+00    0.29575E+00    0.76715E+00    0.32079E+01    0.00000E+00    0.32079E+01    0.13270E+01    0.76715E+00    0.65249E+01    0.28185E-01
   456    0.39582E+00    0.27749E+00    0.24116E+00    0.76705E+00    0.32001E+01    0.00000E+00    0.32001E+01    0.13138E+01    0.76705E+00    0.23150E+03    0.10000E+01
   457    0.44030E+00    0.26059E+00    0.28251E+00    0.70980E+00    0.30215E+01    0.00000E+00    0.30215E+01    0.79359E+00    0.70980E+00    0.19976E+03    0.86289E+00
   458    0.42766E+00    0.22023E+00    0.23430E+00    0.73761E+00    0.30463E+01    0.00000E+00    0.30463E+01    0.94153E+00    0.73761E+00    0.23150E+03    0.10000E+01
   459    0.43184E+00    0.27017E+00    0.25458E+00    0.72950E+00    0.30356E+01    0.00000E+00    0.30356E+01    0.89233E+00    0.72950E+00    0.11233E+00    0.48523E-03
   460    0.42363E+00    0.35239E+00    0.20344E+00    0.74443E+00    0.30587E+01    0.00000E+00    0.30587E+01    0.98907E+00    0.74443E+00    0.23150E+03    0.10000E+01
   461    0.43941E+00    0.28075E+00    0.13392E+00    0.71209E+00    0.30225E+01    0.00000E+00    0.30225E+01    0.80392E+00    0.71209E+00    0.23150E+03    0.10000E+01
   463    0.44369E+00    0.13416E+00    0.46604E+00    0.70062E+00    0.30186E+01    0.00000E+00    0.30186E+01    0.75442E+00    0.70062E+00    0.23150E+03    0.10000E+01
   465    0.40386E+00    0.18583E+00    0.13350E+00    0.76461E+00    0.31497E+01    0.00000E+00    0.31497E+01    0.12210E+01    0.76461E+00    0.21880E+02    0.94513E-01
   466    0.40741E+00    0.21730E+00    0.11246E+00    0.76253E+00    0.31298E+01    0.00000E+00    0.31298E+01    0.11796E+01    0.76253E+00    0.65944E+02    0.28486E+00
   468    0.40873E+00    0.17257E+00    0.27436E+00    0.76159E+00    0.31228E+01    0.00000E+00    0.31228E+01    0.11642E+01    0.76159E+00    0.23150E+03    0.10000E+01
   469    0.42095E+00    0.28142E+00    0.10951E+00    0.74843E+00    0.30681E+01    0.00000E+00    0.30681E+01    0.10206E+01    0.74843E+00    0.87540E+02    0.37814E+00
   470    0.42233E+00    0.23165E+00    0.32558E+00    0.74643E+00    0.30632E+01    0.00000E+00    0.30632E+01    0.10044E+01    0.74643E+00    0.10332E+03    0.44630E+00
   471    0.42962E+00    0.38824E+00    0.40386E+00    0.73394E+00    0.30410E+01    0.00000E+00    0.30410E+01    0.91842E+00    0.73394E+00    0.12149E+03    0.52479E+00
   472    0.42203E+00    0.26313E+00    0.36868E+00    0.74688E+00    0.30642E+01    0.00000E+00    0.30642E+01    0.10079E+01    0.74688E+00    0.23150E+03    0.10000E+01
   473    0.40152E+00    0.25519E+00    0.17267E+00    0.76564E+00    0.31636E+01    0.00000E+00    0.31636E+01    0.12481E+01    0.76564E+00    0.15330E+03    0.66222E+00
   475    0.42618E+00    0.40660E+00    0.29521E+00    0.74023E+00    0.30506E+01    0.00000E+00    0.30506E+01    0.95902E+00    0.74023E+00    0.66925E+02    0.28909E+00
   476    0.44012E+00    0.19001E+00    0.13509E+00    0.71026E+00    0.30217E+01    0.00000E+00    0.30217E+01    0.79562E+00    0.71026E+00    0.23150E+03    0.10000E+01
   477    0.43046E+00    0.28516E+00    0.33727E+00    0.73231E+00    0.30389E+01    0.00000E+00    0.30389E+01    0.90861E+00    0.73231E+00    0.20124E+03    0.86928E+00
   479    0.42626E+00    0.37668E+00    0.34664E+00    0.74010E+00    0.30503E+01    0.00000E+00    0.30503E+01    0.95808E+00    0.74010E+00    0.34697E+02    0.14988E+00
   480    0.43714E+00    0.19333E+00    0.35437E+00    0.71769E+00    0.30256E+01    0.00000E+00    0.30256E+01    0.83033E+00    0.71769E+00    0.58618E+02    0.25321E+00
   481    0.40937E+00    0.27283E+00    0.18809E+00    0.76110E+00    0.31195E+01    0.00000E+00    0.31195E+01    0.11567E+01    0.76110E+00    0.23150E+03    0.10000E+01
   482    0.43474E+00    0.25730E+00    0.23003E+00    0.72325E+00    0.30297E+01    0.00000E+00    0.30297E+01    0.85831E+00    0.72325E+00    0.21196E+02    0.91561E-01
   483    0.40543E+00    0.25088E+00    0.21863E+00    0.76377E+00    0.31407E+01    0.00000E+00    0.31407E+01    0.12027E+01    0.76377E+00    0.23150E+03    0.10000E+01
   487    0.41589E+00    0.23381E+00    0.89646E-01    0.75488E+00    0.30885E+01    0.00000E+00    0.30885E+01    0.10802E+01    0.75488E+00    0.23150E+03    0.10000E+01
   488    0.41883E+00    0.94522E-01    0.10969E+00    0.75132E+00    0.30763E+01    0.00000E+00    0.30763E+01    0.10456E+01    0.75132E+00    0.23150E+03    0.10000E+01
   489    0.40662E+00    0.19248E+00    0.26660E+00    0.76305E+00    0.31341E+01    0.00000E+00    0.31341E+01    0.11888E+01    0.76305E+00    0.23150E+03    0.10000E+01
   490    0.42796E+00    0.13077E+00    0.32369E+00    0.73706E+00    0.30454E+01    0.00000E+00    0.30454E+01    0.93798E+00    0.73706E+00    0.23150E+03    0.10000E+01
   491    0.40344E+00    0.20847E+00    0.28004E+00    0.76482E+00    0.31521E+01    0.00000E+00    0.31521E+01    0.12259E+01    0.76482E+00    0.11976E+03    0.51731E+00
   492    0.40086E+00    0.17381E+00    0.27812E+00    0.76589E+00    0.31676E+01    0.00000E+00    0.31676E+01    0.12558E+01    0.76589E+00    0.23150E+03    0.10000E+01
   493    0.39778E+00    0.19731E+00    0.30189E+00    0.76674E+00    0.31871E+01    0.00000E+00    0.31871E+01    0.12913E+01    0.76674E+00    0.23150E+03    0.10000E+01
   494    0.39572E+00    0.39396E+00    0.20540E+00    0.76706E+00    0.32008E+01    0.00000E+00    0.32008E+01    0.13150E+01    0.76706E+00    0.33376E+02    0.14417E+00
   495    0.41807E+00    0.00000E+00    0.26735E+00    0.75228E+00    0.30793E+01    0.00000E+00    0.30793E+01    0.10546E+01    0.75228E+00    0.23150E+03    0.10000E+01
   498    0.42260E+00    0.15328E+00    0.43449E+00    0.74602E+00    0.30622E+01    0.00000E+00    0.30622E+01    0.10012E+01    0.74602E+00    0.90595E+02    0.39134E+00
   500    0.43452E+00    0.23824E+00    0.22301E+00    0.72375E+00    0.30301E+01    0.00000E+00    0.30301E+01    0.86094E+00    0.72375E+00    0.18407E+01    0.79511E-02
   501    0.43709E+00    0.26013E+00    0.23372E+00    0.71781E+00    0.30257E+01    0.00000E+00    0.30257E+01    0.83091E+00    0.71781E+00    0.53117E+01    0.22945E-01
   502    0.43124E+00    0.20556E+00    0.27226E+00    0.73073E+00    0.30370E+01    0.00000E+00    0.30370E+01    0.89940E+00    0.73073E+00    0.23150E+03    0.10000E+01
   503    0.41997E+00    0.21351E+00    0.27633E+00    0.74980E+00    0.30718E+01    0.00000E+00    0.30718E+01    0.10322E+01    0.74980E+00    0.19959E+03    0.86218E+00
   504    0.41475E+00    0.16794E+00    0.00000E+00    0.75614E+00    0.30936E+01    0.00000E+00    0.30936E+01    0.10937E+01    0.75614E+00    0.23150E+03    0.10000E+01
   505    0.42578E+00    0.41174E+00    0.39715E+00    0.74092E+00    0.30518E+01    0.00000E+00    0.30518E+01    0.96373E+00    0.74092E+00    0.23150E+03    0.10000E+01
   506    0.41061E+00    0.43842E+00    0.46541E+00    0.76009E+00    0.31132E+01    0.00000E+00    0.31132E+01    0.11422E+01    0.76009E+00    0.18890E+02    0.81596E-01
   507    0.41723E+00    0.39634E+00    0.16649E+00    0.75331E+00    0.30828E+01    0.00000E+00    0.30828E+01    0.10644E+01    0.75331E+00    0.23150E+03    0.10000E+01
   508    0.40554E+00    0.70980E-01    0.11799E+00    0.76371E+00    0.31401E+01    0.00000E+00    0.31401E+01    0.12015E+01    0.76371E+00    0.11080E+02    0.47863E-01
   509    0.42229E+00    0.31864E+00    0.26910E+00    0.74649E+00    0.30633E+01    0.00000E+00    0.30633E+01    0.10048E+01    0.74649E+00    0.17702E+02    0.76467E-01
   511    0.40045E+00    0.20433E+00    0.20507E+00    0.76603E+00    0.31702E+01    0.00000E+00    0.31702E+01    0.12605E+01    0.76603E+00    0.23150E+03    0.10000E+01
   512    0.40053E+00    0.20625E+00    0.21439E+00    0.76600E+00    0.31697E+01    0.00000E+00    0.31697E+01    0.12596E+01    0.76600E+00    0.13720E+02    0.59265E-01
   513    0.40355E+00    0.25574E+00    0.23797E+00    0.76477E+00    0.31515E+01    0.00000E+00    0.31515E+01    0.12246E+01    0.76477E+00    0.23150E+03    0.10000E+01
   514    0.39936E+00    0.67152E-01    0.35014E+00    0.76636E+00    0.31770E+01    0.00000E+00    0.31770E+01    0.12731E+01    0.76636E+00    0.00000E+00    0.00000E+00
   515    0.42052E+00    0.25058E+00    0.28710E+00    0.74904E+00    0.30697E+01    0.00000E+00    0.30697E+01    0.10257E+01    0.74904E+00    0.00000E+00    0.00000E+00
   517    0.41339E+00    0.28138E+00    0.81924E-01    0.75754E+00    0.30998E+01    0.00000E+00    0.30998E+01    0.11096E+01    0.75754E+00    0.00000E+00    0.00000E+00
   518    0.41532E+00    0.00000E+00    0.17484E+00    0.75551E+00    0.30910E+01    0.00000E+00    0.30910E+01    0.10869E+01    0.75551E+00    0.23150E+03    0.10000E+01
   520    0.42390E+00    0.31799E+00    0.33835E+00    0.74401E+00    0.30578E+01    0.00000E+00    0.30578E+01    0.98589E+00    0.74401E+00    0.00000E+00    0.00000E+00
   521    0.40318E+00    0.20435E+00    0.10256E+00    0.76494E+00    0.31536E+01    0.00000E+00    0.31536E+01    0.12289E+01    0.76494E+00    0.13325E+02    0.57560E-01
   522    0.40722E+00    0.18167E+00    0.21043E+00    0.76266E+00    0.31308E+01    0.00000E+00    0.31308E+01    0.11818E+01    0.76266E+00    0.20106E+03    0.86849E+00
   523    0.41497E+00    0.28055E+00    0.38363E+00    0.75590E+00    0.30926E+01    0.00000E+00    0.30926E+01    0.10911E+01    0.75590E+00    0.23150E+03    0.10000E+01
   524    0.41059E+00    0.28478E+00    0.16760E+00    0.76011E+00    0.31133E+01    0.00000E+00    0.31133E+01    0.11424E+01    0.76011E+00    0.23150E+03    0.10000E+01
   525    0.44342E+00    0.27956E+00    0.33576E+00    0.70139E+00    0.30187E+01    0.00000E+00    0.30187E+01    0.75758E+00    0.70139E+00    0.21983E+02    0.94957E-01
   526    0.42246E+00    0.35824E+00    0.33331E+00    0.74622E+00    0.30627E+01    0.00000E+00    0.30627E+01    0.10028E+01    0.74622E+00    0.23150E+03    0.10000E+01
   527    0.40985E+00    0.13741E+00    0.29566E+00    0.76072E+00    0.31170E+01    0.00000E+00    0.31170E+01    0.11511E+01    0.76072E+00    0.23150E+03    0.10000E+01
   529    0.40376E+00    0.00000E+00    0.23940E+00    0.76467E+00    0.31503E+01    0.00000E+00    0.31503E+01    0.12222E+01    0.76467E+00    0.23150E+03    0.10000E+01
   530    0.41981E+00    0.29704E+00    0.10702E+00    0.75001E+00    0.30724E+01    0.00000E+00    0.30724E+01    0.10340E+01    0.75001E+00    0.00000E+00    0.00000E+00
   531    0.40424E+00    0.19263E+00    0.27824E+00    0.76442E+00    0.31475E+01    0.00000E+00    0.31475E+01    0.12166E+01    0.76442E+00    0.00000E+00    0.00000E+00
   532    0.39916E+00    0.19027E+00    0.27810E+00    0.76641E+00    0.31783E+01    0.00000E+00    0.31783E+01    0.12755E+01    0.76641E+00    0.00000E+00    0.00000E+00
   533    0.41680E+00    0.34367E+00    0.34101E+00    0.75383E+00    0.30846E+01    0.00000E+00    0.30846E+01    0.10695E+01    0.75383E+00    0.00000E+00    0.00000E+00
   534    0.42894E+00    0.37903E+00    0.34132E+00    0.73524E+00    0.30428E+01    0.00000E+00    0.30428E+01    0.92644E+00    0.73524E+00    0.00000E+00    0.00000E+00
   536    0.41959E+00    0.21958E+00    0.28761E+00    0.75031E+00    0.30733E+01    0.00000E+00    0.30733E+01    0.10367E+01    0.75031E+00    0.00000E+00    0.00000E+00
   537    0.40595E+00    0.30570E+00    0.28325E+00    0.76346E+00    0.31378E+01    0.00000E+00    0.31378E+01    0.11966E+01    0.76346E+00    0.23150E+03    0.10000E+01
   538    0.44042E+00    0.14415E+00    0.21995E+00    0.70948E+00    0.30213E+01    0.00000E+00    0.30213E+01    0.79216E+00    0.70948E+00    0.00000E+00    0.00000E+00
   539    0.42888E+00    0.26008E+00    0.19656E+00    0.73535E+00    0.30429E+01    0.00000E+00    0.30429E+01    0.92714E+00    0.73535E+00    0.36296E+02    0.15678E+00
   540    0.43428E+00    0.20950E+00    0.23633E+00    0.72429E+00    0.30306E+01    0.00000E+00    0.30306E+01    0.86379E+00    0.72429E+00    0.00000E+00    0.00000E+00
   543    0.43090E+00    0.31893E+00    0.24753E+00    0.73143E+00    0.30378E+01    0.00000E+00    0.30378E+01    0.90343E+00    0.73143E+00    0.00000E+00    0.00000E+00
   544    0.43183E+00    0.26951E+00    0.34748E+00    0.72954E+00    0.30357E+01    0.00000E+00    0.30357E+01    0.89252E+00    0.72954E+00    0.00000E+00    0.00000E+00
   546    0.42269E+00    0.42967E+00    0.41836E+00    0.74588E+00    0.30619E+01    0.00000E+00    0.30619E+01    0.10001E+01    0.74588E+00    0.23150E+03    0.10000E+01
   547    0.43863E+00    0.22386E+00    0.24315E+00    0.71405E+00    0.30235E+01    0.00000E+00    0.30235E+01    0.81298E+00    0.71405E+00    0.00000E+00    0.00000E+00
   548    0.43723E+00    0.31945E+00    0.25187E+00    0.71747E+00    0.30255E+01    0.00000E+00    0.30255E+01    0.82925E+00    0.71747E+00    0.12048E+03    0.52043E+00
   549    0.43327E+00    0.27351E+00    0.31357E+00    0.72649E+00    0.30326E+01    0.00000E+00    0.30326E+01    0.87557E+00    0.72649E+00    0.00000E+00    0.00000E+00
   550    0.43191E+00    0.24394E+00    0.28104E+00    0.72935E+00    0.30355E+01    0.00000E+00    0.30355E+01    0.89149E+00    0.72935E+00    0.81634E+02    0.35263E+00
   551    0.40240E+00    0.18421E+00    0.30279E+00    0.76529E+00    0.31583E+01    0.00000E+00    0.31583E+01    0.12379E+01    0.76529E+00    0.00000E+00    0.00000E+00
   552    0.40199E+00    0.11072E+00    0.27922E+00    0.76546E+00    0.31607E+01    0.00000E+00    0.31607E+01    0.12427E+01    0.76546E+00    0.23150E+03    0.10000E+01
   555    0.43287E+00    0.13061E+00    0.67880E-01    0.72735E+00    0.30334E+01    0.00000E+00    0.30334E+01    0.88030E+00    0.72735E+00    0.13201E+02    0.57022E-01
   556    0.43143E+00    0.17351E+00    0.90120E-01    0.73034E+00    0.30366E+01    0.00000E+00    0.30366E+01    0.89713E+00    0.73034E+00    0.00000E+00    0.00000E+00
   557    0.43756E+00    0.21193E+00    0.29460E+00    0.71667E+00    0.30250E+01    0.00000E+00    0.30250E+01    0.82542E+00    0.71667E+00    0.23150E+03    0.10000E+01
   558    0.44404E+00    0.22912E+00    0.28947E+00    0.69963E+00    0.30184E+01    0.00000E+00    0.30184E+01    0.75040E+00    0.69963E+00    0.53920E+00    0.23291E-02
   559    0.41370E+00    0.26527E+00    0.19047E+00    0.75723E+00    0.30983E+01    0.00000E+00    0.30983E+01    0.11060E+01    0.75723E+00    0.00000E+00    0.00000E+00
   560    0.42248E+00    0.24294E+00    0.10590E+00    0.74621E+00    0.30626E+01    0.00000E+00    0.30626E+01    0.10026E+01    0.74621E+00    0.17294E+01    0.74704E-02
   561    0.43559E+00    0.35609E+00    0.31280E+00    0.72133E+00    0.30281E+01    0.00000E+00    0.30281E+01    0.84844E+00    0.72133E+00    0.12019E+01    0.51918E-02
   562    0.42503E+00    0.32213E+00    0.30566E+00    0.74216E+00    0.30541E+01    0.00000E+00    0.30541E+01    0.97249E+00    0.74216E+00    0.00000E+00    0.00000E+00
   565    0.42394E+00    0.30675E+00    0.38788E+00    0.74393E+00    0.30577E+01    0.00000E+00    0.30577E+01    0.98534E+00    0.74393E+00    0.60770E+02    0.26251E+00
   566    0.41480E+00    0.29169E+00    0.77544E-01    0.75608E+00    0.30933E+01    0.00000E+00    0.30933E+01    0.10931E+01    0.75608E+00    0.52216E+02    0.22556E+00
   567    0.40453E+00    0.26227E+00    0.20984E+00    0.76427E+00    0.31458E+01    0.00000E+00    0.31458E+01    0.12132E+01    0.76427E+00    0.23150E+03    0.10000E+01
   568    0.44500E+00    0.24331E+00    0.20326E+00    0.69688E+00    0.30179E+01    0.00000E+00    0.30179E+01    0.73940E+00    0.69688E+00    0.00000E+00    0.00000E+00
   569    0.43853E+00    0.22699E+00    0.21930E+00    0.71430E+00    0.30236E+01    0.00000E+00    0.30236E+01    0.81413E+00    0.71430E+00    0.15851E+03    0.68472E+00
   570    0.42992E+00    0.32578E+00    0.37694E+00    0.73337E+00    0.30402E+01    0.00000E+00    0.30402E+01    0.91497E+00    0.73337E+00    0.00000E+00    0.00000E+00
   571    0.42233E+00    0.29114E+00    0.00000E+00    0.74643E+00    0.30632E+01    0.00000E+00    0.30632E+01    0.10044E+01    0.74643E+00    0.10100E+00    0.43629E-03
   573    0.44034E+00    0.34325E+00    0.13198E+00    0.70970E+00    0.30214E+01    0.00000E+00    0.30214E+01    0.79313E+00    0.70970E+00    0.34398E+02    0.14859E+00
   574    0.43565E+00    0.27621E+00    0.32199E+00    0.72118E+00    0.30280E+01    0.00000E+00    0.30280E+01    0.84770E+00    0.72118E+00    0.59707E+02    0.25791E+00
   575    0.39420E+00    0.35341E+00    0.24785E+00    0.76717E+00    0.32111E+01    0.00000E+00    0.32111E+01    0.13324E+01    0.76717E+00    0.30360E+00    0.13114E-02
   577    0.43310E+00    0.28829E+00    0.72067E-01    0.72685E+00    0.30329E+01    0.00000E+00    0.30329E+01    0.87755E+00    0.72685E+00    0.23150E+03    0.10000E+01
   578    0.40758E+00    0.20252E+00    0.35396E+00    0.76241E+00    0.31289E+01    0.00000E+00    0.31289E+01    0.11776E+01    0.76241E+00    0.82961E+01    0.35837E-01
   579    0.42895E+00    0.18700E+00    0.38922E+00    0.73523E+00    0.30427E+01    0.00000E+00    0.30427E+01    0.92638E+00    0.73523E+00    0.22435E+01    0.96913E-02
   580    0.43576E+00    0.40079E+00    0.19307E+00    0.72092E+00    0.30278E+01    0.00000E+00    0.30278E+01    0.84638E+00    0.72092E+00    0.23150E+03    0.10000E+01
   581    0.42343E+00    0.26055E+00    0.00000E+00    0.74474E+00    0.30594E+01    0.00000E+00    0.30594E+01    0.99134E+00    0.74474E+00    0.00000E+00    0.00000E+00
   583    0.42915E+00    0.32384E+00    0.15288E+00    0.73485E+00    0.30422E+01    0.00000E+00    0.30422E+01    0.92403E+00    0.73485E+00    0.00000E+00    0.00000E+00
   584    0.42633E+00    0.27483E+00    0.29476E+00    0.73997E+00    0.30501E+01    0.00000E+00    0.30501E+01    0.95721E+00    0.73997E+00    0.00000E+00    0.00000E+00
   585    0.40116E+00    0.24731E+00    0.10898E+00    0.76578E+00    0.31658E+01    0.00000E+00    0.31658E+01    0.12523E+01    0.76578E+00    0.00000E+00    0.00000E+00
   586    0.41425E+00    0.37459E+00    0.23735E+00    0.75667E+00    0.30958E+01    0.00000E+00    0.30958E+01    0.10995E+01    0.75667E+00    0.23150E+03    0.10000E+01
   587    0.43218E+00    0.25290E+00    0.25696E+00    0.72880E+00    0.30349E+01    0.00000E+00    0.30349E+01    0.88836E+00    0.72880E+00    0.23150E+03    0.10000E+01
   588    0.42971E+00    0.27954E+00    0.29840E+00    0.73376E+00    0.30408E+01    0.00000E+00    0.30408E+01    0.91738E+00    0.73376E+00    0.23150E+03    0.10000E+01
   589    0.42913E+00    0.16708E+00    0.38995E+00    0.73488E+00    0.30422E+01    0.00000E+00    0.30422E+01    0.92419E+00    0.73488E+00    0.19240E+02    0.83111E-01
   590    0.44572E+00    0.28599E+00    0.35930E-01    0.69478E+00    0.30176E+01    0.00000E+00    0.30176E+01    0.73120E+00    0.69478E+00    0.00000E+00    0.00000E+00
   593    0.44465E+00    0.17133E+00    0.62655E-01    0.69790E+00    0.30181E+01    0.00000E+00    0.30181E+01    0.74345E+00    0.69790E+00    0.00000E+00    0.00000E+00
   594    0.41022E+00    0.18662E+00    0.72435E-01    0.76042E+00    0.31151E+01    0.00000E+00    0.31151E+01    0.11468E+01    0.76042E+00    0.00000E+00    0.00000E+00
   595    0.39446E+00    0.36563E+00    0.29507E+00    0.76716E+00    0.32094E+01    0.00000E+00    0.32094E+01    0.13295E+01    0.76716E+00    0.00000E+00    0.00000E+00
   597    0.40736E+00    0.18115E+00    0.25526E+00    0.76256E+00    0.31300E+01    0.00000E+00    0.31300E+01    0.11801E+01    0.76256E+00    0.23150E+03    0.10000E+01
   598    0.44404E+00    0.26998E+00    0.24400E+00    0.69964E+00    0.30184E+01    0.00000E+00    0.30184E+01    0.75042E+00    0.69964E+00    0.23150E+03    0.10000E+01
   599    0.39609E+00    0.20017E+00    0.18646E+00    0.76702E+00    0.31983E+01    0.00000E+00    0.31983E+01    0.13108E+01    0.76702E+00    0.00000E+00    0.00000E+00
   600    0.42079E+00    0.38676E+00    0.25944E+00    0.74866E+00    0.30687E+01    0.00000E+00    0.30687E+01    0.10225E+01    0.74866E+00    0.00000E+00    0.00000E+00
   601    0.39711E+00    0.21079E+00    0.30216E+00    0.76686E+00    0.31915E+01    0.00000E+00    0.31915E+01    0.12990E+01    0.76686E+00    0.23150E+03    0.10000E+01
   602    0.39629E+00    0.24486E+00    0.22678E+00    0.76699E+00    0.31970E+01    0.00000E+00    0.31970E+01    0.13085E+01    0.76699E+00    0.23150E+03    0.10000E+01
   603    0.39495E+00    0.11705E+00    0.23314E+00    0.76713E+00    0.32060E+01    0.00000E+00    0.32060E+01    0.13238E+01    0.76713E+00    0.23150E+03    0.10000E+01
   607    0.40473E+00    0.17614E+00    0.27754E+00    0.76416E+00    0.31447E+01    0.00000E+00    0.31447E+01    0.12109E+01    0.76416E+00    0.00000E+00    0.00000E+00
   608    0.40303E+00    0.19566E+00    0.31387E+00    0.76501E+00    0.31545E+01    0.00000E+00    0.31545E+01    0.12306E+01    0.76501E+00    0.23150E+03    0.10000E+01
   609    0.39750E+00    0.27656E+00    0.33502E+00    0.76679E+00    0.31890E+01    0.00000E+00    0.31890E+01    0.12945E+01    0.76679E+00    0.00000E+00    0.00000E+00
   610    0.43909E+00    0.22081E+00    0.25418E+00    0.71289E+00    0.30229E+01    0.00000E+00    0.30229E+01    0.80760E+00    0.71289E+00    0.00000E+00    0.00000E+00
   611    0.39346E+00    0.27384E+00    0.24354E+00    0.76719E+00    0.32163E+01    0.00000E+00    0.32163E+01    0.13409E+01    0.76719E+00    0.27310E+01    0.11797E-01
   612    0.39341E+00    0.35424E+00    0.28575E+00    0.76719E+00    0.32166E+01    0.00000E+00    0.32166E+01    0.13415E+01    0.76719E+00    0.22782E+01    0.98411E-02
   613    0.40142E+00    0.23535E+00    0.34799E+00    0.76568E+00    0.31642E+01    0.00000E+00    0.31642E+01    0.12492E+01    0.76568E+00    0.23150E+03    0.10000E+01
   616    0.42725E+00    0.23500E+00    0.46911E+00    0.73835E+00    0.30474E+01    0.00000E+00    0.30474E+01    0.94636E+00    0.73835E+00    0.00000E+00    0.00000E+00
   618    0.43031E+00    0.25499E+00    0.25264E+00    0.73259E+00    0.30393E+01    0.00000E+00    0.30393E+01    0.91032E+00    0.73259E+00    0.23150E+03    0.10000E+01
   619    0.43465E+00    0.35574E+00    0.32396E+00    0.72346E+00    0.30298E+01    0.00000E+00    0.30298E+01    0.85940E+00    0.72346E+00    0.15177E+03    0.65558E+00
   620    0.44333E+00    0.21387E+00    0.31043E+00    0.70164E+00    0.30188E+01    0.00000E+00    0.30188E+01    0.75859E+00    0.70164E+00    0.23150E+03    0.10000E+01
   621    0.42636E+00    0.25346E+00    0.33841E+00    0.73991E+00    0.30500E+01    0.00000E+00    0.30500E+01    0.95684E+00    0.73991E+00    0.24821E+02    0.10722E+00
   622    0.42222E+00    0.31131E+00    0.33382E+00    0.74659E+00    0.30635E+01    0.00000E+00    0.30635E+01    0.10056E+01    0.74659E+00    0.23150E+03    0.10000E+01
   623    0.41397E+00    0.33817E+00    0.30958E+00    0.75695E+00    0.30971E+01    0.00000E+00    0.30971E+01    0.11028E+01    0.75695E+00    0.23150E+03    0.10000E+01
   624    0.41220E+00    0.27833E+00    0.21952E+00    0.75868E+00    0.31054E+01    0.00000E+00    0.31054E+01    0.11236E+01    0.75868E+00    0.23150E+03    0.10000E+01
   627    0.39494E+00    0.28730E+00    0.24228E+00    0.76713E+00    0.32061E+01    0.00000E+00    0.32061E+01    0.13240E+01    0.76713E+00    0.20075E+02    0.86719E-01
   628    0.39421E+00    0.29367E+00    0.24536E+00    0.76717E+00    0.32111E+01    0.00000E+00    0.32111E+01    0.13323E+01    0.76717E+00    0.23150E+03    0.10000E+01
   630    0.43024E+00    0.20864E+00    0.24825E+00    0.73274E+00    0.30394E+01    0.00000E+00    0.30394E+01    0.91121E+00    0.73274E+00    0.10439E+03    0.45094E+00
   633    0.40906E+00    0.36208E+00    0.27758E+00    0.76134E+00    0.31211E+01    0.00000E+00    0.31211E+01    0.11603E+01    0.76134E+00    0.23150E+03    0.10000E+01
   634    0.41754E+00    0.26378E+00    0.27065E+00    0.75294E+00    0.30815E+01    0.00000E+00    0.30815E+01    0.10608E+01    0.75294E+00    0.23150E+03    0.10000E+01
   635    0.43104E+00    0.28143E+00    0.17691E+00    0.73113E+00    0.30375E+01    0.00000E+00    0.30375E+01    0.90173E+00    0.73113E+00    0.20255E+03    0.87496E+00
   636    0.44169E+00    0.27673E+00    0.17134E+00    0.70612E+00    0.30201E+01    0.00000E+00    0.30201E+01    0.77747E+00    0.70612E+00    0.23150E+03    0.10000E+01
   637    0.41453E+00    0.29540E+00    0.35937E+00    0.75636E+00    0.30945E+01    0.00000E+00    0.30945E+01    0.10962E+01    0.75636E+00    0.23150E+03    0.10000E+01
   638    0.44277E+00    0.41605E+00    0.39620E+00    0.70320E+00    0.30192E+01    0.00000E+00    0.30192E+01    0.76506E+00    0.70320E+00    0.23150E+03    0.10000E+01
   639    0.41196E+00    0.21779E+00    0.30588E+00    0.75890E+00    0.31065E+01    0.00000E+00    0.31065E+01    0.11264E+01    0.75890E+00    0.23150E+03    0.10000E+01
   640    0.41764E+00    0.20749E+00    0.00000E+00    0.75281E+00    0.30811E+01    0.00000E+00    0.30811E+01    0.10596E+01    0.75281E+00    0.10104E+02    0.43646E-01
   641    0.43495E+00    0.25574E+00    0.23797E+00    0.72278E+00    0.30293E+01    0.00000E+00    0.30293E+01    0.85586E+00    0.72278E+00    0.23150E+03    0.10000E+01
   642    0.39936E+00    0.67152E-01    0.35014E+00    0.76636E+00    0.31770E+01    0.00000E+00    0.31770E+01    0.12731E+01    0.76636E+00    0.23150E+03    0.10000E+01
   643    0.42052E+00    0.25058E+00    0.28710E+00    0.74904E+00    0.30697E+01    0.00000E+00    0.30697E+01    0.10257E+01    0.74904E+00    0.23150E+03    0.10000E+01
   644    0.41339E+00    0.28138E+00    0.81924E-01    0.75754E+00    0.30998E+01    0.00000E+00    0.30998E+01    0.11096E+01    0.75754E+00    0.23150E+03    0.10000E+01
   645    0.43333E+00    0.00000E+00    0.17484E+00    0.72635E+00    0.30324E+01    0.00000E+00    0.30324E+01    0.87482E+00    0.72635E+00    0.23150E+03    0.10000E+01
   646    0.42390E+00    0.31799E+00    0.33835E+00    0.74401E+00    0.30578E+01    0.00000E+00    0.30578E+01    0.98589E+00    0.74401E+00    0.23150E+03    0.10000E+01
   647    0.43503E+00    0.20435E+00    0.10256E+00    0.72261E+00    0.30291E+01    0.00000E+00    0.30291E+01    0.85501E+00    0.72261E+00    0.42521E+02    0.18368E+00
   648    0.43431E+00    0.18167E+00    0.21043E+00    0.72422E+00    0.30305E+01    0.00000E+00    0.30305E+01    0.86344E+00    0.72422E+00    0.23150E+03    0.10000E+01
   649    0.43337E+00    0.28055E+00    0.38363E+00    0.72628E+00    0.30324E+01    0.00000E+00    0.30324E+01    0.87446E+00    0.72628E+00    0.93760E+00    0.40501E-02
   650    0.43383E+00    0.28478E+00    0.16760E+00    0.72527E+00    0.30314E+01    0.00000E+00    0.30314E+01    0.86900E+00    0.72527E+00    0.23150E+03    0.10000E+01
   651    0.43289E+00    0.27956E+00    0.33576E+00    0.72730E+00    0.30333E+01    0.00000E+00    0.30333E+01    0.88003E+00    0.72730E+00    0.23150E+03    0.10000E+01
   652    0.43290E+00    0.35824E+00    0.33331E+00    0.72727E+00    0.30333E+01    0.00000E+00    0.30333E+01    0.87987E+00    0.72727E+00    0.76515E-02    0.33052E-04
   653    0.43393E+00    0.13741E+00    0.29566E+00    0.72506E+00    0.30312E+01    0.00000E+00    0.30312E+01    0.86789E+00    0.72506E+00    0.85790E+01    0.37058E-01
   654    0.43491E+00    0.00000E+00    0.23940E+00    0.72287E+00    0.30294E+01    0.00000E+00    0.30294E+01    0.85633E+00    0.72287E+00    0.68518E+00    0.29598E-02
   655    0.41981E+00    0.29704E+00    0.10702E+00    0.75001E+00    0.30724E+01    0.00000E+00    0.30724E+01    0.10340E+01    0.75001E+00    0.23150E+03    0.10000E+01
   656    0.40424E+00    0.19263E+00    0.27824E+00    0.76442E+00    0.31475E+01    0.00000E+00    0.31475E+01    0.12166E+01    0.76442E+00    0.23150E+03    0.10000E+01
   657    0.39916E+00    0.19027E+00    0.27810E+00    0.76641E+00    0.31783E+01    0.00000E+00    0.31783E+01    0.12755E+01    0.76641E+00    0.23150E+03    0.10000E+01
   658    0.41680E+00    0.34367E+00    0.34101E+00    0.75383E+00    0.30846E+01    0.00000E+00    0.30846E+01    0.10695E+01    0.75383E+00    0.23150E+03    0.10000E+01
   659    0.42894E+00    0.37903E+00    0.34132E+00    0.73524E+00    0.30428E+01    0.00000E+00    0.30428E+01    0.92644E+00    0.73524E+00    0.23150E+03    0.10000E+01
   660    0.41959E+00    0.21958E+00    0.28761E+00    0.75031E+00    0.30733E+01    0.00000E+00    0.30733E+01    0.10367E+01    0.75031E+00    0.23150E+03    0.10000E+01
   661    0.43451E+00    0.30570E+00    0.28325E+00    0.72376E+00    0.30301E+01    0.00000E+00    0.30301E+01    0.86100E+00    0.72376E+00    0.23150E+03    0.10000E+01
   662    0.44042E+00    0.14415E+00    0.21995E+00    0.70948E+00    0.30213E+01    0.00000E+00    0.30213E+01    0.79216E+00    0.70948E+00    0.23150E+03    0.10000E+01
   663    0.43428E+00    0.20950E+00    0.23633E+00    0.72429E+00    0.30306E+01    0.00000E+00    0.30306E+01    0.86379E+00    0.72429E+00    0.44327E+02    0.19148E+00
   664    0.43090E+00    0.31893E+00    0.24753E+00    0.73143E+00    0.30378E+01    0.00000E+00    0.30378E+01    0.90343E+00    0.73143E+00    0.23150E+03    0.10000E+01
   665    0.43183E+00    0.26951E+00    0.34748E+00    0.72954E+00    0.30357E+01    0.00000E+00    0.30357E+01    0.89252E+00    0.72954E+00    0.23150E+03    0.10000E+01
   666    0.43290E+00    0.42967E+00    0.41836E+00    0.72729E+00    0.30333E+01    0.00000E+00    0.30333E+01    0.87997E+00    0.72729E+00    0.19453E-03    0.84028E-06
   667    0.43863E+00    0.22386E+00    0.24315E+00    0.71405E+00    0.30235E+01    0.00000E+00    0.30235E+01    0.81298E+00    0.71405E+00    0.23150E+03    0.10000E+01
   668    0.43282E+00    0.31945E+00    0.25187E+00    0.72745E+00    0.30335E+01    0.00000E+00    0.30335E+01    0.88087E+00    0.72745E+00    0.25530E-03    0.11028E-05
   669    0.43327E+00    0.27351E+00    0.31357E+00    0.72649E+00    0.30326E+01    0.00000E+00    0.30326E+01    0.87557E+00    0.72649E+00    0.92400E+02    0.39914E+00
   670    0.40240E+00    0.18421E+00    0.30279E+00    0.76529E+00    0.31583E+01    0.00000E+00    0.31583E+01    0.12379E+01    0.76529E+00    0.23150E+03    0.10000E+01
   671    0.43527E+00    0.11072E+00    0.27922E+00    0.72205E+00    0.30287E+01    0.00000E+00    0.30287E+01    0.85213E+00    0.72205E+00    0.23150E+03    0.10000E+01
   672    0.43281E+00    0.13061E+00    0.67880E-01    0.72748E+00    0.30335E+01    0.00000E+00    0.30335E+01    0.88100E+00    0.72748E+00    0.11089E-01    0.47902E-04
   673    0.43143E+00    0.17351E+00    0.90120E-01    0.73034E+00    0.30366E+01    0.00000E+00    0.30366E+01    0.89713E+00    0.73034E+00    0.23150E+03    0.10000E+01
   674    0.43282E+00    0.21193E+00    0.29460E+00    0.72745E+00    0.30335E+01    0.00000E+00    0.30335E+01    0.88082E+00    0.72745E+00    0.18039E-01    0.77922E-04
   675    0.43291E+00    0.22912E+00    0.28947E+00    0.72726E+00    0.30333E+01    0.00000E+00    0.30333E+01    0.87982E+00    0.72726E+00    0.17336E+01    0.74883E-02
   676    0.41370E+00    0.26527E+00    0.19047E+00    0.75723E+00    0.30983E+01    0.00000E+00    0.30983E+01    0.11060E+01    0.75723E+00    0.23150E+03    0.10000E+01
   677    0.43560E+00    0.35609E+00    0.31280E+00    0.72131E+00    0.30281E+01    0.00000E+00    0.30281E+01    0.84833E+00    0.72131E+00    0.23150E+03    0.10000E+01
   678    0.42503E+00    0.32213E+00    0.30566E+00    0.74216E+00    0.30541E+01    0.00000E+00    0.30541E+01    0.97249E+00    0.74216E+00    0.23150E+03    0.10000E+01
   679    0.43477E+00    0.26227E+00    0.20984E+00    0.72319E+00    0.30296E+01    0.00000E+00    0.30296E+01    0.85804E+00    0.72319E+00    0.23150E+03    0.10000E+01
   680    0.44500E+00    0.24331E+00    0.20326E+00    0.69688E+00    0.30179E+01    0.00000E+00    0.30179E+01    0.73940E+00    0.69688E+00    0.23150E+03    0.10000E+01
   681    0.42992E+00    0.32578E+00    0.37694E+00    0.73337E+00    0.30402E+01    0.00000E+00    0.30402E+01    0.91497E+00    0.73337E+00    0.23150E+03    0.10000E+01
   682    0.43731E+00    0.35341E+00    0.24785E+00    0.71728E+00    0.30253E+01    0.00000E+00    0.30253E+01    0.82835E+00    0.71728E+00    0.23150E+03    0.10000E+01
   683    0.40759E+00    0.20252E+00    0.35396E+00    0.76241E+00    0.31288E+01    0.00000E+00    0.31288E+01    0.11775E+01    0.76241E+00    0.23150E+03    0.10000E+01
   684    0.42343E+00    0.26055E+00    0.00000E+00    0.74474E+00    0.30594E+01    0.00000E+00    0.30594E+01    0.99134E+00    0.74474E+00    0.23150E+03    0.10000E+01
   685    0.42915E+00    0.32384E+00    0.15288E+00    0.73485E+00    0.30422E+01    0.00000E+00    0.30422E+01    0.92403E+00    0.73485E+00    0.23150E+03    0.10000E+01
   686    0.42633E+00    0.27483E+00    0.29476E+00    0.73997E+00    0.30501E+01    0.00000E+00    0.30501E+01    0.95721E+00    0.73997E+00    0.23150E+03    0.10000E+01
   687    0.40116E+00    0.24731E+00    0.10898E+00    0.76578E+00    0.31658E+01    0.00000E+00    0.31658E+01    0.12523E+01    0.76578E+00    0.23150E+03    0.10000E+01
   688    0.43343E+00    0.37459E+00    0.23735E+00    0.72614E+00    0.30322E+01    0.00000E+00    0.30322E+01    0.87369E+00    0.72614E+00    0.14068E+03    0.60769E+00
   689    0.43281E+00    0.25290E+00    0.25696E+00    0.72748E+00    0.30335E+01    0.00000E+00    0.30335E+01    0.88103E+00    0.72748E+00    0.29226E+00    0.12625E-02
   690    0.43280E+00    0.27954E+00    0.29840E+00    0.72749E+00    0.30335E+01    0.00000E+00    0.30335E+01    0.88104E+00    0.72749E+00    0.12424E+03    0.53667E+00
   691    0.44572E+00    0.28599E+00    0.35930E-01    0.69478E+00    0.30176E+01    0.00000E+00    0.30176E+01    0.73120E+00    0.69478E+00    0.23150E+03    0.10000E+01
   692    0.44465E+00    0.17133E+00    0.62655E-01    0.69790E+00    0.30181E+01    0.00000E+00    0.30181E+01    0.74345E+00    0.69790E+00    0.23150E+03    0.10000E+01
   693    0.41022E+00    0.18662E+00    0.72435E-01    0.76042E+00    0.31151E+01    0.00000E+00    0.31151E+01    0.11468E+01    0.76042E+00    0.23150E+03    0.10000E+01
   694    0.39446E+00    0.36563E+00    0.29507E+00    0.76716E+00    0.32094E+01    0.00000E+00    0.32094E+01    0.13295E+01    0.76716E+00    0.23150E+03    0.10000E+01
   695    0.39609E+00    0.20017E+00    0.18646E+00    0.76702E+00    0.31983E+01    0.00000E+00    0.31983E+01    0.13108E+01    0.76702E+00    0.23150E+03    0.10000E+01
   696    0.42079E+00    0.38676E+00    0.25944E+00    0.74866E+00    0.30687E+01    0.00000E+00    0.30687E+01    0.10225E+01    0.74866E+00    0.23150E+03    0.10000E+01
   697    0.43646E+00    0.21079E+00    0.30216E+00    0.71931E+00    0.30267E+01    0.00000E+00    0.30267E+01    0.83829E+00    0.71931E+00    0.23150E+03    0.10000E+01
   698    0.43669E+00    0.24486E+00    0.22678E+00    0.71877E+00    0.30263E+01    0.00000E+00    0.30263E+01    0.83561E+00    0.71877E+00    0.23150E+03    0.10000E+01
   699    0.43708E+00    0.11705E+00    0.23314E+00    0.71783E+00    0.30257E+01    0.00000E+00    0.30257E+01    0.83104E+00    0.71783E+00    0.23150E+03    0.10000E+01
   700    0.40473E+00    0.17614E+00    0.27754E+00    0.76416E+00    0.31447E+01    0.00000E+00    0.31447E+01    0.12109E+01    0.76416E+00    0.23150E+03    0.10000E+01
   701    0.39750E+00    0.27656E+00    0.33502E+00    0.76679E+00    0.31890E+01    0.00000E+00    0.31890E+01    0.12945E+01    0.76679E+00    0.23150E+03    0.10000E+01
   702    0.43909E+00    0.22081E+00    0.25418E+00    0.71289E+00    0.30229E+01    0.00000E+00    0.30229E+01    0.80760E+00    0.71289E+00    0.23150E+03    0.10000E+01
   703    0.43539E+00    0.23535E+00    0.34799E+00    0.72177E+00    0.30285E+01    0.00000E+00    0.30285E+01    0.85070E+00    0.72177E+00    0.18439E+03    0.79650E+00
   704    0.42725E+00    0.23500E+00    0.46911E+00    0.73835E+00    0.30474E+01    0.00000E+00    0.30474E+01    0.94636E+00    0.73835E+00    0.23150E+03    0.10000E+01
