 >> Number of Processors =  24
 
    >>Normalized Constraint Values:
     0.24E+01
    -0.49E+00
    -0.19E+01
    -0.33E+01
    -0.13E+01
     0.44E+00
     0.11E+01
     0.38E+01
 
  >> Gradient of obj:
   1.41476019078993       7.111329681386281E-004
   1.00174939264308      -1.730029414304113E-004
   1.41726271433934       6.775387102548141E-003
  -1.41784857797098      -1.213453032127470E-002
 -9.675338396153374E-005  9.897917742946126E-005
   1.42741538056291       3.064939413425252E-002
 
 
    >>Objective:       3.8328       0.0166       3.8494
 
 
 iter    objective      ||grad||        inf_pr          inf_du         lg(mu)
    0  0.3849359E+01  0.0000000E+00  0.3844686E+01  0.1322650E+01  0.1000000E+01
 
    >>Normalized Constraint Values:
     0.11E+01
    -0.51E+00
    -0.15E+01
    -0.25E+01
    -0.13E+01
    -0.57E-01
     0.50E+00
     0.18E+01
 
 
    >>Objective:       4.8321       0.0470       4.8791
 
  >> Gradient of obj:
   1.36702550052578       1.192393913712550E-003
   1.02764895175445       1.398191914665905E-004
   2.00793981343002       4.981493157654727E-002
  -2.09775610599165      -2.843955738264219E-002
 -0.150773523275802      -2.293210584324759E-004
   3.33227969115962       0.226203422223553     
 
    1  0.4879061E+01  0.1190423E+01  0.2086014E+01  0.5206674E+01  0.2759617E+00
 
    >>Normalized Constraint Values:
     0.56E+00
    -0.77E+00
    -0.18E+01
    -0.21E+01
    -0.11E+01
     0.43E+00
    -0.65E+00
     0.25E+01
 
 
    >>Objective:       6.2661       0.0407       6.3068
 
  >> Gradient of obj:
   1.16838898725165       7.679852370927052E-004
   1.02133198435611       1.262731605323803E-004
   1.15998060603844       1.820699331620923E-003
  -1.99882319632104      -4.139807029826760E-002
 -0.288941911447574      -2.820988701695365E-003
  0.894377401047591       1.295210237557831E-002
 
    2  0.6306769E+01  0.9601701E+02  0.3912788E+01  0.1592245E+02  0.3415812E+02
 
    >>Normalized Constraint Values:
     0.19E-01
    -0.81E+00
    -0.15E+01
    -0.17E+01
    -0.11E+01
    -0.17E+00
    -0.61E+00
     0.93E+00
 
 
    >>Objective:       8.4013       0.0964       8.4976
 
  >> Gradient of obj:
   1.35543202635311       2.167963614905149E-003
   1.04299205976323       1.318436222002201E-004
   1.94991120818332       4.641984672365808E-002
  -4.12970079015023      -0.116154907447272     
 -0.556890909619756      -6.551780560819180E-003
   3.33832691696703       0.220412574859675     
 
    3  0.8497645E+01  0.2207393E+01  0.2426906E+01  0.7784221E+01  0.2212438E+01
 
    >>Normalized Constraint Values:
    -0.43E-01
    -0.80E+00
    -0.14E+01
    -0.17E+01
    -0.11E+01
    -0.30E+00
    -0.54E+00
     0.67E+00
 
 
    >>Objective:       8.7351       0.1048       8.8399
 
  >> Gradient of obj:
   1.39533799384179       2.569387293654446E-003
   1.04933725783152      -7.333365359186934E-005
   1.88238150309204       4.129506777636825E-002
  -4.72103935879218      -0.144679194538120     
 -0.587004402846657      -7.115543117463484E-003
   3.23734742196423       0.208267362424821     
 
    4  0.8839858E+01  0.2030403E+01  0.6875044E+00  0.3416531E+01  0.3438414E+00
 
    >>Normalized Constraint Values:
    -0.85E-01
    -0.75E+00
    -0.11E+01
    -0.17E+01
    -0.12E+01
    -0.60E+00
    -0.26E+00
     0.26E+00
 
 
    >>Objective:       8.6141       0.0993       8.7134
 
  >> Gradient of obj:
   1.41582362203831       2.796095244343595E-003
   1.12295187061182       3.922216117420672E-004
   1.44160837564006       9.651243617434165E-003
  -5.43324295541902      -0.181028203035594     
 -0.701622586394122      -5.887429429904321E-003
   1.89697380243483       5.633370019969015E-002
 
    5  0.8713436E+01  0.5556727E+00  0.2803002E+00  0.3132919E+01  0.7620772E-01
 
    >>Normalized Constraint Values:
    -0.12E+00
    -0.72E+00
    -0.95E+00
    -0.16E+01
    -0.12E+01
    -0.80E+00
     0.22E-01
     0.16E-01
 
 
    >>Objective:       9.3480       0.1309       9.4789
 
  >> Gradient of obj:
   1.48537902789520       3.801667233379621E-003
   1.13783666825540      -2.437502053195382E-004
   1.57176646428634       1.852448362235798E-002
  -6.88158317900328      -0.261791272032805     
 -0.553369937654823      -4.100086695508283E-003
   2.50444789494888       0.106074990575722     
 
    6  0.9478935E+01  0.3892433E+00  0.3916892E-01  0.4921886E+01  0.9639625E-01
 
    >>Normalized Constraint Values:
    -0.11E+00
    -0.73E+00
    -0.95E+00
    -0.16E+01
    -0.12E+01
    -0.74E+00
    -0.26E-01
     0.47E-01
 
 
    >>Objective:       9.0687       0.1321       9.2008
 
  >> Gradient of obj:
   1.42348339261222       3.785154379909889E-003
   1.14637299208783       1.018385384669517E-003
   1.56731902244503       1.508583578486565E-002
  -6.61347178146381      -0.267542234598460     
 -0.391277836955637      -1.365008092163545E-003
   2.24292509880800       7.878102937242450E-002
 
    7  0.9200808E+01  0.3673672E+00  0.4735143E-01  0.1377596E+01  0.2300080E-01
 
    >>Normalized Constraint Values:
    -0.15E+00
    -0.74E+00
    -0.85E+00
    -0.16E+01
    -0.12E+01
    -0.74E+00
     0.24E-01
    -0.12E-02
 
 
    >>Objective:       9.1836       0.1521       9.3357
 
  >> Gradient of obj:
   1.43819037921163       4.152413481428458E-003
   1.14710593485589      -5.194379923382307E-004
   1.52001587667414       1.023450732195856E-002
  -7.54570824297230      -0.337181231864388     
 -0.286142802069688      -1.769720677780207E-004
   1.57332369064620       3.860334374491235E-002
 
    8  0.9335706E+01  0.4951219E+00  0.3014600E-01  0.1566430E+01  0.1579493E-01
 
    >>Normalized Constraint Values:
    -0.15E+00
    -0.74E+00
    -0.86E+00
    -0.16E+01
    -0.12E+01
    -0.75E+00
     0.26E-02
     0.61E-03
 
 
    >>Objective:       9.2020       0.1530       9.3550
 
  >> Gradient of obj:
   1.43104380705398       4.259062491962016E-003
   1.15493834120909       9.969061358778742E-004
   1.49767831835133       9.552439893308142E-003
  -7.43545731346016      -0.335874522765870     
 -0.282014033985677      -1.374122669097843E-003
   1.62448911687738       4.283510343951799E-002
 
    9  0.9355002E+01  0.7466020E-01  0.4344253E-02  0.2110022E+00  0.2747088E-02
 
    >>Normalized Constraint Values:
    -0.14E+00
    -0.74E+00
    -0.86E+00
    -0.16E+01
    -0.12E+01
    -0.75E+00
     0.50E-03
     0.43E-02
 
 
    >>Objective:       9.2114       0.1513       9.3627
 
  >> Gradient of obj:
   1.43263605277480       3.577332910369077E-003
   1.15805513241708       1.013201269243039E-003
   1.49860727806633       9.316082558596670E-003
  -7.40607249854012      -0.326637067439293     
 -0.293235572132749      -9.389090067849791E-004
   1.65861715188958       4.367685039377595E-002
 
   10  0.9362675E+01  0.3642470E-01  0.4383276E-02  0.1467650E+00  0.6292649E-03
 
    >>Normalized Constraint Values:
    -0.15E+00
    -0.74E+00
    -0.86E+00
    -0.16E+01
    -0.12E+01
    -0.75E+00
     0.22E-02
    -0.37E-02
 
 
    >>Objective:       9.2352       0.1527       9.3879
 
 
    >>Normalized Constraint Values:
    -0.14E+00
    -0.74E+00
    -0.86E+00
    -0.16E+01
    -0.12E+01
    -0.75E+00
    -0.23E-02
     0.67E-03
 
 
    >>Objective:       9.2181       0.1533       9.3714
 
  >> Gradient of obj:
   1.42966356263834       4.320845095494798E-003
   1.15534933048505       7.509243300039554E-004
   1.49647941289891       1.041119646312129E-002
  -7.41382911526622      -0.334394329253275     
 -0.280336249384948      -6.253461839332740E-004
   1.65414132706878       4.607238463781756E-002
 
   11  0.9371371E+01  0.4230546E-01  0.2310739E-02  0.2942221E+00  0.2569925E-04
 
    >>Normalized Constraint Values:
    -0.15E+00
    -0.74E+00
    -0.84E+00
    -0.16E+01
    -0.12E+01
    -0.75E+00
     0.32E-02
    -0.13E-02
 
 
    >>Objective:       9.2142       0.1554       9.3696
 
  >> Gradient of obj:
   1.43197784745675       4.160205597942313E-003
   1.15638105463332      -3.596842965120633E-004
   1.47508644195934       8.819318778260220E-003
  -7.54373289290084      -0.345966747426239     
 -0.266470983543663      -2.713044214087934E-004
   1.51760203941634       3.677971074988946E-002
 
   12  0.9369594E+01  0.6645927E-01  0.3208159E-02  0.8181726E+00  0.2225323E-04
 
    >>Normalized Constraint Values:
    -0.15E+00
    -0.74E+00
    -0.84E+00
    -0.16E+01
    -0.12E+01
    -0.75E+00
    -0.40E-02
     0.34E-02
 
 
    >>Objective:       9.2106       0.1560       9.3666
 
  >> Gradient of obj:
   1.42969825634057       3.971559849058918E-003
   1.15639900156681      -2.375439297698527E-004
   1.46498400658380       8.568740950825372E-003
  -7.54290624277216      -0.336870112971576     
 -0.247377632501666       4.062688116486588E-004
   1.50759143521694       3.555056573921717E-002
 
   13  0.9366605E+01  0.2775355E-01  0.3990119E-02  0.1830486E+00  0.1681265E-04
 
    >>Normalized Constraint Values:
    -0.15E+00
    -0.74E+00
    -0.82E+00
    -0.16E+01
    -0.12E+01
    -0.76E+00
     0.90E-03
     0.65E-03
 
 
    >>Objective:       9.2131       0.1596       9.3727
 
  >> Gradient of obj:
   1.42902370373004       4.144997283317873E-003
   1.15701805988459       2.439999011463257E-003
   1.43482695157968       6.303932941352391E-003
  -7.68668141927570      -0.354852698278771     
 -0.192994508425839       2.578488985770871E-004
   1.38612800421603       2.657243561336853E-002
 
   14  0.9372687E+01  0.1118110E+00  0.2794791E-02  0.5163649E+00  0.1681265E-04
 
    >>Normalized Constraint Values:
    -0.15E+00
    -0.74E+00
    -0.83E+00
    -0.16E+01
    -0.12E+01
    -0.76E+00
     0.19E-02
     0.32E-02
 
 
    >>Objective:       9.2164       0.1601       9.3765
 
  >> Gradient of obj:
   1.42592836420831       3.958017361009616E-003
   1.15443397007923      -6.727840232086713E-004
   1.44647970120711       8.135735697578970E-003
  -7.62351099058667      -0.353903726961317     
 -0.190684270291124      -5.802193255225553E-004
   1.45335087378022       3.349309271683125E-002
 
   15  0.9376493E+01  0.2252658E-01  0.3203091E-02  0.1910316E+00  0.1681265E-04
 
    >>Normalized Constraint Values:
    -0.13E+00
    -0.74E+00
    -0.85E+00
    -0.16E+01
    -0.12E+01
    -0.75E+00
     0.48E-02
     0.27E-02
 
 
    >>Objective:       9.2125       0.1595       9.3720
 
 
    >>Normalized Constraint Values:
    -0.13E+00
    -0.74E+00
    -0.85E+00
    -0.16E+01
    -0.12E+01
    -0.75E+00
     0.22E-02
     0.29E-02
 
 
    >>Objective:       9.2133       0.1580       9.3713
 
 
    >>Normalized Constraint Values:
    -0.13E+00
    -0.74E+00
    -0.85E+00
    -0.16E+01
    -0.12E+01
    -0.75E+00
     0.41E-02
     0.36E-02
 
 
    >>Objective:       9.2128       0.1587       9.3715
 
 
    >>Normalized Constraint Values:
    -0.14E+00
    -0.74E+00
    -0.84E+00
    -0.16E+01
    -0.12E+01
    -0.75E+00
     0.42E-02
     0.29E-02
 
 
    >>Objective:       9.2132       0.1590       9.3722
 
 
    >>Normalized Constraint Values:
    -0.14E+00
    -0.74E+00
    -0.84E+00
    -0.16E+01
    -0.12E+01
    -0.76E+00
     0.21E-02
     0.39E-02
 
 
    >>Objective:       9.2145       0.1600       9.3745
 
  >> Gradient of obj:
   1.42328999003570       4.045107799918911E-003
   1.15348540809322      -7.525655457197986E-004
   1.45628258343377       7.327326088553512E-003
  -7.56900231394012      -0.346978692295860     
 -0.188316754874266       1.632595915479481E-004
   1.50682868556704       3.189172162167274E-002
 
   16  0.9374549E+01  0.6342959E+00  0.3919371E-02  0.4974640E+00  0.1681265E-04
 
    >>Normalized Constraint Values:
    -0.14E+00
    -0.74E+00
    -0.84E+00
    -0.16E+01
    -0.12E+01
    -0.76E+00
    -0.84E-03
     0.34E-02
 
 
    >>Objective:       9.2281       0.1577       9.3858
 
  >> Gradient of obj:
   1.41921941874877       4.264752904280175E-003
   1.15570495134084       3.083500735618274E-004
   1.46169101168214       7.984597067332018E-003
  -7.52916515857376      -0.348730430982009     
 -0.167528644817329       2.761744960626029E-004
   1.56258939544096       3.650504661743071E-002
 
   17  0.9385801E+01  0.4771803E-01  0.3434684E-02  0.8748128E+00  0.1681265E-04
 
    >>Normalized Constraint Values:
    -0.14E+00
    -0.74E+00
    -0.84E+00
    -0.16E+01
    -0.12E+01
    -0.76E+00
     0.20E-02
    -0.25E-02
 
 
    >>Objective:       9.2472       0.1624       9.4096
 
  >> Gradient of obj:
   1.42003962894871       3.970321735343649E-003
   1.15745808357708      -5.038133010883527E-004
   1.46402025223224       8.897364375659066E-003
  -7.55615524638424      -0.346872249440960     
 -0.169298897849982      -1.261303751065003E-003
   1.56885212186641       3.843115008511386E-002
 
   18  0.9409595E+01  0.1084738E-01  0.2489316E-02  0.2719087E+00  0.1681265E-04
 
    >>Normalized Constraint Values:
    -0.14E+00
    -0.74E+00
    -0.84E+00
    -0.16E+01
    -0.12E+01
    -0.75E+00
     0.27E-02
     0.22E-02
 
 
    >>Objective:       9.2367       0.1612       9.3980
 
  >> Gradient of obj:
   1.41851703019384       3.893805315084862E-003
   1.15812572238550      -7.095188911771921E-004
   1.46702084127862       9.719979016708636E-003
  -7.52496520116028      -0.342768790966400     
 -0.168772533612422       1.053001527039791E-003
   1.58215453652987       4.063146882745462E-002
 
   19  0.9397960E+01  0.8329959E-02  0.2757002E-02  0.3341440E+00  0.1681265E-04
 
    >>Normalized Constraint Values:
    -0.14E+00
    -0.74E+00
    -0.85E+00
    -0.16E+01
    -0.12E+01
    -0.75E+00
    -0.20E-02
     0.29E-03
 
 
    >>Objective:       9.2504       0.1595       9.4099
 
  >> Gradient of obj:
   1.41559662427791       4.002135385978587E-003
   1.15395141424746       7.648114825203980E-004
   1.48568635757510       9.394976119337288E-003
  -7.47669454966348      -0.341799298646649     
 -0.165599396115188       3.787380698569091E-005
   1.64674860516152       4.095712454716238E-002
 
   20  0.9409888E+01  0.1587497E-01  0.1961254E-02  0.1633845E+00  0.1681265E-04
 
    >>Normalized Constraint Values:
    -0.14E+00
    -0.74E+00
    -0.84E+00
    -0.16E+01
    -0.12E+01
    -0.75E+00
     0.20E-02
    -0.11E-02
 
 
    >>Objective:       9.2462       0.1615       9.4077
 
  >> Gradient of obj:
   1.41828647774257       4.217790762887319E-003
   1.15489276170877      -4.083824374775280E-004
   1.47036109715802       8.470470883596674E-003
  -7.51896541432080      -0.351307565504882     
 -0.168061245191368       4.985448287775141E-004
   1.59937079704682       3.790399926751725E-002
 
   21  0.9407673E+01  0.8655008E-02  0.2025873E-02  0.1552196E+00  0.8741549E-06
 
    >>Normalized Constraint Values:
    -0.14E+00
    -0.74E+00
    -0.84E+00
    -0.16E+01
    -0.12E+01
    -0.76E+00
     0.26E-03
     0.23E-02
 
 
    >>Objective:       9.2439       0.1595       9.4035
 
  >> Gradient of obj:
   1.41891822902131       3.932964580731454E-003
   1.15753670473179       6.925651207752120E-004
   1.46303766565191       8.964878267637272E-003
  -7.52832715286606      -0.340401684652012     
 -0.167830895465029      -1.077245863772513E-004
   1.57753776362022       3.807683125225706E-002
 
   22  0.9403459E+01  0.4888523E-02  0.2272445E-02  0.3382008E+00  0.4906454E-06
 
 The solution was found.
 
 The final value of the objective function is    9.40345912788185     
 
 The optimal values of X are:
 
 X  (           1 ) =    5.27214858336655      in^2
 X  (           2 ) =   0.250031129021740      in^2
 X  (           3 ) =    1.00930909681873      in^2
 X  (           4 ) =    44.8328254420290      deg
 X  (           5 ) =    60.0000022413779      deg
 X  (           6 ) =    136.680764243328      deg
 
 The multipliers for the equality constraints are:
 
 LAM(           1 ) =   3.490178362604643E-006
 LAM(           2 ) =   6.643908654350976E-007
 LAM(           3 ) =   5.833922561863185E-007
 LAM(           4 ) =   3.099067765072803E-007
 LAM(           5 ) =   4.218311726722665E-007
 LAM(           6 ) =   6.485635265874751E-007
 LAM(           7 ) =    2.38262020523193     
 LAM(           8 ) =    6.16340772398382     
 
 Weight and its variance:   9.24391188896542       0.159547238916431     
