 >> Number of Processors =  32
 
    >>Normalized Constraint Values:
     0.28E+01
    -0.41E+00
    -0.16E+01
    -0.29E+01
    -0.12E+01
     0.73E+00
     0.14E+01
     0.44E+01
 
 
    >>Objective:       3.8316       0.0529       3.8845
 
 
 iter    objective      ||grad||        inf_pr          inf_du         lg(mu)
    0  0.3884512E+01  0.0000000E+00  0.4372955E+01  0.1467268E+01  0.1000000E+01
 
    >>Normalized Constraint Values:
     0.15E+01
    -0.36E+00
    -0.13E+01
    -0.25E+01
    -0.13E+01
     0.27E+00
     0.11E+01
     0.23E+01
 
 
    >>Objective:       4.3494       0.0707       4.4202
 
    1  0.4420180E+01  0.7215642E+00  0.2338228E+01  0.4322309E+01  0.4753411E-01
 
    >>Normalized Constraint Values:
     0.26E+00
    -0.67E+00
    -0.11E+01
    -0.19E+01
    -0.12E+01
    -0.43E+00
    -0.84E-01
     0.91E+00
 
 
    >>Objective:       6.8515       0.0632       6.9147
 
    2  0.6914674E+01  0.1264998E+01  0.1463367E+01  0.3276254E+01  0.4181286E+00
 
    >>Normalized Constraint Values:
     0.28E+00
    -0.68E+00
    -0.11E+01
    -0.19E+01
    -0.12E+01
    -0.35E+00
    -0.12E+00
     0.98E+00
 
 
    >>Objective:       6.5873       0.0589       6.6462
 
    3  0.6646232E+01  0.1603934E+01  0.9841696E+00  0.1574511E+01  0.1051420E+00
 
    >>Normalized Constraint Values:
     0.20E+00
    -0.65E+00
    -0.88E+00
    -0.19E+01
    -0.12E+01
    -0.54E+00
     0.14E+00
     0.63E+00
 
 
    >>Objective:       6.7187       0.0657       6.7844
 
    4  0.6784373E+01  0.1384927E+01  0.6888238E+00  0.1310802E+01  0.5546338E-01
 
    >>Normalized Constraint Values:
     0.54E-01
    -0.65E+00
    -0.80E+00
    -0.18E+01
    -0.12E+01
    -0.68E+00
     0.27E+00
     0.34E+00
 
 
    >>Objective:       7.6009       0.0810       7.6819
 
    5  0.7681899E+01  0.8366490E+00  0.3627080E+00  0.4543099E+01  0.5895825E-01
 
    >>Normalized Constraint Values:
    -0.16E+00
    -0.73E+00
    -0.93E+00
    -0.17E+01
    -0.12E+01
    -0.60E+00
     0.39E-02
     0.13E+00
 
 
    >>Objective:       9.0437       0.0885       9.1322
 
    6  0.9132157E+01  0.6870416E+00  0.1341565E+00  0.3885361E+01  0.5621395E-01
 
    >>Normalized Constraint Values:
    -0.20E+00
    -0.74E+00
    -0.84E+00
    -0.16E+01
    -0.12E+01
    -0.72E+00
    -0.51E-01
     0.53E-01
 
 
    >>Objective:       9.5729       0.0938       9.6668
 
    7  0.9666768E+01  0.3763537E+00  0.5976852E-01  0.1634906E+01  0.4344206E-01
 
    >>Normalized Constraint Values:
    -0.20E+00
    -0.73E+00
    -0.83E+00
    -0.16E+01
    -0.12E+01
    -0.72E+00
    -0.18E-02
     0.22E-01
 
 
    >>Objective:       9.6227       0.0953       9.7181
 
    8  0.9718061E+01  0.8040114E-01  0.2380601E-01  0.8708148E+00  0.7293073E-02
 
    >>Normalized Constraint Values:
    -0.21E+00
    -0.74E+00
    -0.84E+00
    -0.16E+01
    -0.12E+01
    -0.72E+00
    -0.22E-02
     0.31E-02
 
 
    >>Objective:       9.7210       0.0955       9.8165
 
    9  0.9816497E+01  0.1021065E+00  0.3145899E-02  0.2598927E+00  0.4210205E-03
 
    >>Normalized Constraint Values:
    -0.20E+00
    -0.74E+00
    -0.85E+00
    -0.16E+01
    -0.12E+01
    -0.71E+00
    -0.12E-02
     0.94E-03
 
 
    >>Objective:       9.7283       0.0938       9.8221
 
   10  0.9822122E+01  0.5982543E-01  0.1194711E-02  0.5240847E+00  0.3115130E-04
 
    >>Normalized Constraint Values:
    -0.20E+00
    -0.74E+00
    -0.84E+00
    -0.16E+01
    -0.12E+01
    -0.71E+00
    -0.35E-02
    -0.14E-03
 
 
    >>Objective:       9.7236       0.0928       9.8164
 
   11  0.9816373E+01  0.1263738E+00  0.3538135E-02  0.3988373E+00  0.1730782E-05
 
    >>Normalized Constraint Values:
    -0.17E+00
    -0.75E+00
    -0.82E+00
    -0.17E+01
    -0.12E+01
    -0.68E+00
    -0.31E-01
     0.35E-01
 
 
    >>Objective:       9.6617       0.0888       9.7505
 
   12  0.9750489E+01  0.6272435E+01  0.3455279E-01  0.2679235E+01  0.3398964E-05
 
    >>Normalized Constraint Values:
    -0.18E+00
    -0.75E+00
    -0.83E+00
    -0.17E+01
    -0.12E+01
    -0.68E+00
    -0.25E-01
     0.30E-01
 
 
    >>Objective:       9.6636       0.0881       9.7517
 
   13  0.9751669E+01  0.4978740E+00  0.3004471E-01  0.2013848E+01  0.2778887E-05
 
    >>Normalized Constraint Values:
    -0.18E+00
    -0.74E+00
    -0.84E+00
    -0.17E+01
    -0.12E+01
    -0.70E+00
    -0.51E-02
     0.22E-02
 
 
    >>Objective:       9.7609       0.0900       9.8509
 
   14  0.9850922E+01  0.2311428E+00  0.5081496E-02  0.1230727E+01  0.2778887E-05
 
    >>Normalized Constraint Values:
    -0.16E+00
    -0.77E+00
    -0.12E+01
    -0.16E+01
    -0.12E+01
    -0.35E+00
    -0.33E+00
     0.48E+00
 
 
    >>Objective:       9.1048       0.0933       9.1981
 
   15  0.9198106E+01  0.1811732E+01  0.4775248E+00  0.4313015E+01  0.2778887E-05
 
    >>Normalized Constraint Values:
    -0.28E+00
    -0.72E+00
    -0.27E+00
    -0.16E+01
    -0.91E+00
     0.10E+01
     0.20E+00
     0.17E+01
 
 
    >>Objective:       8.8197       0.0842       8.9039
 
   16  0.8903879E+01  0.1081635E+02  0.1703404E+01  0.7956685E+02  0.2778887E-05
 
    >>Normalized Constraint Values:
     0.37E-01
    -0.71E+00
    -0.80E+00
    -0.17E+01
    -0.10E+01
     0.69E+00
     0.79E-01
     0.18E+01
 
 
    >>Objective:       7.1936       0.0818       7.2754
 
   17  0.7275423E+01  0.2176942E+01  0.1750232E+01  0.6185422E+01  0.2778887E-05
 
    >>Normalized Constraint Values:
     0.96E-01
    -0.69E+00
    -0.87E+00
    -0.18E+01
    -0.11E+01
     0.48E+00
     0.16E+00
     0.16E+01
 
 
    >>Objective:       6.7196       0.0786       6.7982
 
   18  0.6798201E+01  0.3590038E+01  0.1574278E+01  0.2508155E+01  0.2778887E-05
 
    >>Normalized Constraint Values:
     0.17E+00
    -0.67E+00
    -0.91E+00
    -0.19E+01
    -0.12E+01
    -0.74E-01
     0.12E+00
     0.95E+00
 
 
    >>Objective:       6.3955       0.0637       6.4592
 
   19  0.6459228E+01  0.9332791E+00  0.9479246E+00  0.5919274E+01  0.2778887E-05
 
    >>Normalized Constraint Values:
     0.17E+00
    -0.68E+00
    -0.91E+00
    -0.19E+01
    -0.12E+01
    -0.75E-01
     0.11E+00
     0.95E+00
 
 
    >>Objective:       6.3954       0.0636       6.4590
 
   20  0.6458993E+01  0.8210644E+00  0.9523679E+00  0.5840477E+01  0.1190836E-07
 
    >>Normalized Constraint Values:
     0.40E-01
    -0.73E+00
    -0.96E+00
    -0.18E+01
    -0.12E+01
    -0.32E+00
    -0.23E+00
     0.75E+00
 
 
    >>Objective:       7.1921       0.0615       7.2536
 
   21  0.7253576E+01  0.1897730E+01  0.8898651E+00  0.1472326E+02  0.4475946E+00
 
    >>Normalized Constraint Values:
    -0.25E+00
    -0.76E+00
    -0.69E+00
    -0.16E+01
    -0.11E+01
    -0.49E+00
    -0.18E+00
     0.32E+00
 
 
    >>Objective:       9.4725       0.1037       9.5761
 
   22  0.9576127E+01  0.1282943E+01  0.4092844E+00  0.1028935E+02  0.1087046E+00
 
    >>Normalized Constraint Values:
    -0.25E+00
    -0.72E+00
    -0.54E+00
    -0.16E+01
    -0.12E+01
    -0.70E+00
     0.66E-01
     0.13E+00
 
 
    >>Objective:       9.5436       0.1177       9.6614
 
   23  0.9661387E+01  0.4808646E+00  0.1374289E+00  0.6227502E+01  0.1464002E+00
 
    >>Normalized Constraint Values:
    -0.28E+00
    -0.73E+00
    -0.75E+00
    -0.16E+01
    -0.12E+01
    -0.72E+00
     0.13E-01
     0.11E-01
 
 
    >>Objective:      10.1213       0.1207      10.2421
 
   24  0.1024205E+02  0.2555135E+00  0.7984706E-01  0.3590923E+01  0.1464002E+00
 
    >>Normalized Constraint Values:
    -0.28E+00
    -0.75E+00
    -0.80E+00
    -0.16E+01
    -0.12E+01
    -0.73E+00
    -0.39E-01
    -0.20E-01
 
 
    >>Objective:      10.2101       0.1106      10.3207
 
   25  0.1032065E+02  0.1892270E+00  0.1669518E-01  0.1933362E+01  0.1464002E+00
 
    >>Normalized Constraint Values:
    -0.26E+00
    -0.75E+00
    -0.90E+00
    -0.16E+01
    -0.12E+01
    -0.69E+00
    -0.49E-01
    -0.16E-01
 
 
    >>Objective:      10.1757       0.1036      10.2793
 
   26  0.1027931E+02  0.1825603E+00  0.1771322E-01  0.1383562E+01  0.1464002E+00
 
    >>Normalized Constraint Values:
    -0.23E+00
    -0.74E+00
    -0.87E+00
    -0.16E+01
    -0.12E+01
    -0.70E+00
    -0.17E-01
    -0.23E-03
 
 
    >>Objective:       9.8787       0.0988       9.9775
 
   27  0.9977467E+01  0.9940739E-01  0.4178844E-02  0.4788048E+00  0.2928005E-01
 
    >>Normalized Constraint Values:
    -0.22E+00
    -0.74E+00
    -0.88E+00
    -0.16E+01
    -0.12E+01
    -0.70E+00
    -0.12E-01
    -0.35E-02
 
 
    >>Objective:       9.8661       0.0980       9.9642
 
   28  0.9964185E+01  0.4993706E-01  0.8309392E-03  0.1145471E+01  0.2928005E-01
 
    >>Normalized Constraint Values:
    -0.21E+00
    -0.74E+00
    -0.87E+00
    -0.16E+01
    -0.12E+01
    -0.71E+00
    -0.30E-03
    -0.15E-02
 
 
    >>Objective:       9.7903       0.0966       9.8869
 
   29  0.9886851E+01  0.4081798E-01  0.1659089E-02  0.7040930E+00  0.9998529E-03
 
    >>Normalized Constraint Values:
    -0.21E+00
    -0.74E+00
    -0.88E+00
    -0.16E+01
    -0.12E+01
    -0.71E+00
    -0.13E-02
    -0.17E-03
 
 
    >>Objective:       9.7722       0.0964       9.8686
 
   30  0.9868609E+01  0.3479493E-01  0.2166615E-02  0.2017106E+00  0.1202840E-02
 
    >>Normalized Constraint Values:
    -0.21E+00
    -0.74E+00
    -0.88E+00
    -0.16E+01
    -0.12E+01
    -0.71E+00
     0.15E-02
     0.16E-02
 
 
    >>Objective:       9.7695       0.0960       9.8655
 
   31  0.9865541E+01  0.1719695E-01  0.1999130E-02  0.4130362E+00  0.1202840E-02
 
    >>Normalized Constraint Values:
    -0.21E+00
    -0.74E+00
    -0.87E+00
    -0.16E+01
    -0.12E+01
    -0.72E+00
    -0.15E-03
    -0.32E-02
 
 
    >>Objective:       9.7853       0.0963       9.8816
 
   32  0.9881585E+01  0.1578225E-01  0.3028328E-02  0.7225125E+00  0.1202840E-02
 
    >>Normalized Constraint Values:
    -0.21E+00
    -0.74E+00
    -0.87E+00
    -0.16E+01
    -0.12E+01
    -0.71E+00
    -0.71E-03
     0.57E-03
 
 
    >>Objective:       9.7614       0.0962       9.8576
 
   33  0.9857628E+01  0.1465315E-01  0.1010726E-02  0.5302964E+00  0.1202840E-02
 
    >>Normalized Constraint Values:
    -0.21E+00
    -0.74E+00
    -0.87E+00
    -0.16E+01
    -0.12E+01
    -0.71E+00
     0.44E-03
     0.71E-03
 
 
    >>Objective:       9.7630       0.0960       9.8590
 
 
    >>Normalized Constraint Values:
    -0.21E+00
    -0.74E+00
    -0.87E+00
    -0.16E+01
    -0.12E+01
    -0.71E+00
     0.15E-02
     0.26E-02
 
 
    >>Objective:       9.7692       0.0974       9.8666
 
 
    >>Normalized Constraint Values:
    -0.21E+00
    -0.74E+00
    -0.87E+00
    -0.16E+01
    -0.12E+01
    -0.71E+00
     0.23E-03
     0.12E-02
 
 
    >>Objective:       9.7621       0.0964       9.8585
 
 
    >>Normalized Constraint Values:
    -0.21E+00
    -0.74E+00
    -0.87E+00
    -0.16E+01
    -0.12E+01
    -0.71E+00
     0.47E-03
     0.72E-03
 
 
    >>Objective:       9.7617       0.0969       9.8585
 
 
    >>Normalized Constraint Values:
    -0.21E+00
    -0.74E+00
    -0.87E+00
    -0.16E+01
    -0.12E+01
    -0.71E+00
    -0.82E-03
     0.24E-02
 
 
    >>Objective:       9.7617       0.0959       9.8576
 
   34  0.9857616E+01  0.2643586E-02  0.2570540E-02  0.2771346E+00  0.1566071E-04
 
    >>Normalized Constraint Values:
    -0.21E+00
    -0.74E+00
    -0.87E+00
    -0.16E+01
    -0.12E+01
    -0.71E+00
     0.55E-03
     0.14E-03
 
 
    >>Objective:       9.7767       0.0968       9.8735
 
   35  0.9873497E+01  0.1408627E-01  0.5754809E-03  0.2294291E+00  0.1513463E-04
 
    >>Normalized Constraint Values:
    -0.21E+00
    -0.74E+00
    -0.87E+00
    -0.16E+01
    -0.12E+01
    -0.71E+00
    -0.22E-02
    -0.25E-02
 
 
    >>Objective:       9.7790       0.0966       9.8756
 
 
    >>Normalized Constraint Values:
    -0.21E+00
    -0.74E+00
    -0.87E+00
    -0.16E+01
    -0.12E+01
    -0.71E+00
     0.10E-02
     0.79E-03
 
 
    >>Objective:       9.7552       0.0955       9.8507
 
   36  0.9850688E+01  0.1523080E-02  0.1555039E-02  0.4155338E+00  0.1222409E-05
 
    >>Normalized Constraint Values:
    -0.21E+00
    -0.74E+00
    -0.87E+00
    -0.16E+01
    -0.12E+01
    -0.71E+00
    -0.68E-03
     0.11E-02
 
 
    >>Objective:       9.7636       0.0960       9.8596
 
   37  0.9859579E+01  0.4386623E-02  0.1070327E-02  0.5657468E+00  0.1074279E-05
 
    >>Normalized Constraint Values:
    -0.21E+00
    -0.74E+00
    -0.87E+00
    -0.16E+01
    -0.12E+01
    -0.72E+00
     0.24E-02
     0.11E-02
 
 
    >>Objective:       9.7699       0.0970       9.8669
 
 
    >>Normalized Constraint Values:
    -0.21E+00
    -0.74E+00
    -0.87E+00
    -0.16E+01
    -0.12E+01
    -0.72E+00
    -0.10E-02
    -0.10E-02
 
 
    >>Objective:       9.7844       0.0967       9.8811
 
 
    >>Normalized Constraint Values:
    -0.21E+00
    -0.74E+00
    -0.87E+00
    -0.16E+01
    -0.12E+01
    -0.71E+00
    -0.89E-03
     0.16E-02
 
 
    >>Objective:       9.7741       0.0968       9.8709
 
   38  0.9870865E+01  0.3478623E-02  0.1561860E-02  0.6634395E+00  0.1074279E-05
 
    >>Normalized Constraint Values:
    -0.21E+00
    -0.74E+00
    -0.87E+00
    -0.16E+01
    -0.12E+01
    -0.72E+00
     0.27E-02
    -0.10E-02
 
 
    >>Objective:       9.7834       0.0967       9.8801
 
 
    >>Normalized Constraint Values:
    -0.21E+00
    -0.74E+00
    -0.87E+00
    -0.16E+01
    -0.12E+01
    -0.71E+00
    -0.88E-04
    -0.48E-04
 
 
    >>Objective:       9.7819       0.0969       9.8789
 
   39  0.9878883E+01  0.1857787E-02  0.5098815E-03  0.6511907E+00  0.1074279E-05
 
 The solution was found.
 
 The final value of the objective function is    9.87888267280834     
 
 The optimal values of X are:
 
 X  (           1 ) =    4.09702692936495      in^2
 X  (           2 ) =    1.31973788771225      in^2
 X  (           3 ) =    1.39340923728662      in^2
 X  (           4 ) =    41.2538607975277      deg
 X  (           5 ) =    60.0000270275167      deg
 X  (           6 ) =    136.758747095438      deg
 
 The multipliers for the equality constraints are:
 
 LAM(           1 ) =   5.084562269888808E-006
 LAM(           2 ) =   1.457009280126773E-006
 LAM(           3 ) =   1.230242346265704E-006
 LAM(           4 ) =   6.621904318694668E-007
 LAM(           5 ) =   9.142681348260189E-007
 LAM(           6 ) =   1.503671051972231E-006
 LAM(           7 ) =    2.31906855707699     
 LAM(           8 ) =    7.62431688369985     
 
 Weight and its variance:   9.78193895073282       9.694372207552249E-002
