 >> Number of Processors =  24
 
    >>Normalized Constraint Values:
     0.20E+01
    -0.56E+00
    -0.21E+01
    -0.37E+01
    -0.14E+01
     0.24E+00
     0.76E+00
     0.32E+01
 
  >> Gradient of obj:
   1.41483351728752       1.249171945013987E-003
   1.00075830633445       3.533384640578656E-005
   1.41515782034204       1.343014202396613E-003
  -1.41591970504979      -1.367078675148707E-002
  6.495699442051067E-004 -3.945408177593092E-005
   1.41716931853089       1.399271543069172E-002
 
 
    >>Objective:       3.8299       0.0137       3.8437
 
 
 iter    objective      ||grad||        inf_pr          inf_du         lg(mu)
    0  0.3843652E+01  0.0000000E+00  0.3187808E+01  0.1282788E+01  0.1000000E+01
 
    >>Normalized Constraint Values:
     0.66E+00
    -0.59E+00
    -0.16E+01
    -0.26E+01
    -0.14E+01
    -0.32E+00
     0.18E+00
     0.12E+01
 
 
    >>Objective:       5.4008       0.0230       5.4238
 
  >> Gradient of obj:
   1.39267280162610       1.861441226983138E-003
   1.03653550898180      -7.842526522416902E-005
   1.99217361642766       8.006885759875473E-003
  -2.26993193963374      -1.865301995677959E-002
 -0.229548776310551      -1.244068157190359E-003
   3.81135801311254       6.939187543696056E-002
 
    1  0.5423791E+01  0.2094388E+01  0.1655839E+01  0.5264089E+01  0.4828432E+00
 
    >>Normalized Constraint Values:
     0.16E+00
    -0.68E+00
    -0.12E+01
    -0.21E+01
    -0.13E+01
    -0.69E+00
    -0.32E-01
     0.40E+00
 
 
    >>Objective:       6.3642       0.0187       6.3829
 
  >> Gradient of obj:
   1.40346631195637       3.072307919834337E-003
   1.15390971880585       1.764734559965101E-004
   1.49978745613148       1.755130473372426E-003
  -3.59908650781891      -3.349926496755766E-002
 -0.562261287034885      -4.639399705951605E-003
   1.92722001759048       1.963398908641627E-002
 
    2  0.6382882E+01  0.1052889E+01  0.6468781E+00  0.1871977E+01  0.4903467E+00
 
    >>Normalized Constraint Values:
     0.74E-01
    -0.69E+00
    -0.12E+01
    -0.20E+01
    -0.13E+01
    -0.72E+00
    -0.51E-01
     0.31E+00
 
 
    >>Objective:       6.6154       0.0210       6.6364
 
  >> Gradient of obj:
   1.44438379287738       4.015592140526420E-003
   1.14317368698328       2.323837884284548E-004
   1.50094550538790       1.722830160379255E-003
  -4.21001593264186      -4.442912376163756E-002
 -0.568227331693184      -4.349675621634204E-003
   1.73366764678042       1.810453775526789E-002
 
    3  0.6636399E+01  0.4803531E+00  0.3150229E+00  0.1648758E+01  0.9523496E-01
 
    >>Normalized Constraint Values:
    -0.59E-01
    -0.68E+00
    -0.90E+00
    -0.19E+01
    -0.13E+01
    -0.89E+00
     0.22E+00
     0.52E-02
 
 
    >>Objective:       6.8519       0.0269       6.8788
 
  >> Gradient of obj:
   1.50843714487544       6.210539117074517E-003
   1.15400257395742       5.332186886105224E-005
   1.56650422758375       1.033304267699838E-003
  -6.04059683227347      -8.303710423677019E-002
 -0.418993998197605      -3.756144441977636E-003
  0.929030379205312       1.648944589001232E-002
 
    4  0.6878850E+01  0.9921192E+00  0.2187216E+00  0.5634061E+01  0.2333674E-01
 
    >>Normalized Constraint Values:
    -0.15E+00
    -0.73E+00
    -0.96E+00
    -0.18E+01
    -0.12E+01
    -0.72E+00
    -0.42E-01
     0.11E+00
 
 
    >>Objective:       7.1867       0.0274       7.2141
 
  >> Gradient of obj:
   1.44794119548622       5.886277832045636E-003
   1.15304183551509       1.704875488813447E-004
   1.48492769675927       5.897636970460713E-004
  -6.41802284731542      -8.682921683259409E-002
 -0.308244552465708      -3.988304597725911E-003
  0.574028644271316       1.253742427884175E-002
 
    5  0.7214088E+01  0.6866234E+00  0.1089276E+00  0.1343507E+02  0.1048435E-01
 
    >>Normalized Constraint Values:
    -0.10E+00
    -0.72E+00
    -0.96E+00
    -0.19E+01
    -0.13E+01
    -0.82E+00
    -0.11E-01
     0.54E-01
 
 
    >>Objective:       7.1321       0.0258       7.1579
 
  >> Gradient of obj:
   1.45363674439881       5.688414989594525E-003
   1.14440215647961       1.774384635518563E-004
   1.45502459663066       7.239348195398064E-004
  -6.18107190180036      -8.265489692735022E-002
 -0.282118586615794      -3.739128878710518E-003
  0.808476875929312       1.273820554032363E-002
 
    6  0.7157904E+01  0.2022646E+00  0.6273305E-01  0.6898730E+00  0.3907808E-01
 
    >>Normalized Constraint Values:
    -0.12E+00
    -0.72E+00
    -0.92E+00
    -0.19E+01
    -0.12E+01
    -0.86E+00
    -0.35E-02
     0.11E-01
 
 
    >>Objective:       7.2791       0.0263       7.3055
 
  >> Gradient of obj:
   1.45051533135427       6.067124980194298E-003
   1.15017910421136       7.144711068699887E-005
   1.42612765617619       6.427547229570506E-004
  -6.38566829425638      -8.746165551390321E-002
 -0.226896377263465      -3.911802937018565E-003
  0.796705330727924       1.179461273260650E-002
 
    7  0.7305459E+01  0.1928559E+00  0.1179303E-01  0.3892775E+00  0.4370699E-02
 
    >>Normalized Constraint Values:
    -0.11E+00
    -0.72E+00
    -0.90E+00
    -0.19E+01
    -0.12E+01
    -0.88E+00
    -0.42E-02
     0.59E-02
 
 
    >>Objective:       7.2839       0.0263       7.3101
 
  >> Gradient of obj:
   1.43944507028833       5.985338885177886E-003
   1.15191707230167       1.077982739842535E-004
   1.40133540379911       8.359841436759532E-004
  -6.38564975014068      -8.697309985114095E-002
 -0.163966137971856      -4.053805788271437E-003
  0.809843137663298       1.100328768912039E-002
 
    8  0.7310148E+01  0.1348782E+00  0.6130560E-02  0.1361983E+00  0.6973222E-03
 
    >>Normalized Constraint Values:
    -0.11E+00
    -0.72E+00
    -0.90E+00
    -0.19E+01
    -0.12E+01
    -0.88E+00
    -0.14E-02
     0.83E-03
 
 
    >>Objective:       7.2960       0.0263       7.3223
 
  >> Gradient of obj:
   1.43891709633599       5.880526927602607E-003
   1.15497875269106       5.776299503601478E-005
   1.40950952565924       6.736747457066390E-004
  -6.39213007956172      -8.668371382513511E-002
 -0.166128742774444      -4.032709144779397E-003
  0.816130034761379       1.095420175536867E-002
 
    9  0.7322322E+01  0.1190053E-01  0.1392994E-02  0.4626589E-01  0.4007044E-04
 
    >>Normalized Constraint Values:
    -0.12E+00
    -0.72E+00
    -0.90E+00
    -0.19E+01
    -0.12E+01
    -0.87E+00
     0.15E-02
    -0.46E-03
 
 
    >>Objective:       7.2949       0.0260       7.3209
 
  >> Gradient of obj:
   1.43802167847595       5.868885389261877E-003
   1.15544495571808       8.689804586126114E-005
   1.41565151428931       9.195169949964090E-004
  -6.39943312181057      -8.527934939848132E-002
 -0.166489809469882      -3.495705212119731E-003
  0.814911193899955       1.148058812828386E-002
 
   10  0.7320890E+01  0.1039728E-01  0.1471045E-02  0.3762210E-01  0.2444043E-04
 
    >>Normalized Constraint Values:
    -0.11E+00
    -0.72E+00
    -0.91E+00
    -0.19E+01
    -0.12E+01
    -0.87E+00
    -0.27E-03
     0.30E-03
 
 
    >>Objective:       7.2965       0.0262       7.3227
 
  >> Gradient of obj:
   1.43882694004231       5.713354501117120E-003
   1.15586961477221       2.225396104253244E-004
   1.41367593567257       3.323677780286970E-004
  -6.39039418521593      -8.747035175723519E-002
 -0.168280019110270      -3.695618497677174E-003
  0.816787821979323       1.100404752434623E-002
 
   11  0.7322731E+01  0.5010216E-02  0.8290555E-03  0.9402836E-01  0.6888722E-06
 
    >>Normalized Constraint Values:
    -0.11E+00
    -0.72E+00
    -0.91E+00
    -0.19E+01
    -0.12E+01
    -0.87E+00
    -0.11E-02
     0.16E-03
 
 
    >>Objective:       7.2971       0.0261       7.3232
 
 
    >>Normalized Constraint Values:
    -0.11E+00
    -0.72E+00
    -0.91E+00
    -0.19E+01
    -0.12E+01
    -0.87E+00
     0.85E-03
    -0.24E-03
 
 
    >>Objective:       7.2948       0.0265       7.3214
 
  >> Gradient of obj:
   1.43839093626002       5.770638413098425E-003
   1.15593495632551      -9.824584686531541E-006
   1.41478402902572       4.641232173874243E-004
  -6.38564486506248      -8.587629085637184E-002
 -0.167168834389903      -3.818585204160578E-003
  0.827888992742820       1.076370887209250E-002
 
   12  0.7321368E+01  0.5032617E-02  0.8501911E-03  0.4935723E-01  0.1734563E-07
 
    >>Normalized Constraint Values:
    -0.11E+00
    -0.72E+00
    -0.91E+00
    -0.19E+01
    -0.12E+01
    -0.87E+00
    -0.27E-03
     0.21E-03
 
 
    >>Objective:       7.2960       0.0263       7.3223
 
  >> Gradient of obj:
   1.43825715224165       5.716855479187530E-003
   1.15592233065757       9.702045109823604E-005
   1.41844727622301       7.483696616480036E-004
  -6.39021583377472      -8.723823614634424E-002
 -0.167138444221424      -3.270473960839071E-003
  0.827727009952960       1.061926395788432E-002
 
   13  0.7322302E+01  0.1857117E-02  0.2995290E-03  0.5499197E-01  0.1008744E-06
 
 The solution was found.
 
 The final value of the objective function is    7.32230209883215     
 
 The optimal values of X are:
 
 X  (           1 ) =    4.30145515188978      in^2
 X  (           2 ) =   0.250000045846175      in^2
 X  (           3 ) =   0.582964509229794      in^2
 X  (           4 ) =    44.1204031265686      deg
 X  (           5 ) =    60.0000094266582      deg
 X  (           6 ) =    135.047224038691      deg
 
 The multipliers for the equality constraints are:
 
 LAM(           1 ) =   8.890077082062499E-007
 LAM(           2 ) =   1.392569541408034E-007
 LAM(           3 ) =   1.113105997860182E-007
 LAM(           4 ) =   5.429876801655530E-008
 LAM(           5 ) =   8.089816356217694E-008
 LAM(           6 ) =   1.154542319994530E-007
 LAM(           7 ) =    2.65695368375441     
 LAM(           8 ) =    4.57844059596955     
 
 Weight and its variance:   7.29600592977867       2.629616905348087E-002
