 >> Number of Processors =  24
 
    >>Normalized Constraint Values:
     0.18E+01
    -0.59E+00
    -0.22E+01
    -0.38E+01
    -0.14E+01
     0.17E+00
     0.66E+00
     0.30E+01
 
  >> Gradient of obj:
   1.41500587998480       6.376429118241472E-004
   1.00098312640473       1.487309596814868E-005
   1.41730821017298       6.941577075414431E-003
  -1.41624693152354      -1.203176560964543E-002
 -9.083330627804278E-004 -6.576225777200684E-005
   1.42892682056180       3.109660010054539E-002
 
 
    >>Objective:       3.8328       0.0164       3.8492
 
 
 iter    objective      ||grad||        inf_pr          inf_du         lg(mu)
    0  0.3849176E+01  0.0000000E+00  0.3024086E+01  0.1259213E+01  0.1000000E+01
 
    >>Normalized Constraint Values:
     0.56E+00
    -0.61E+00
    -0.16E+01
    -0.26E+01
    -0.14E+01
    -0.41E+00
     0.11E+00
     0.10E+01
 
 
    >>Objective:       5.5959       0.0649       5.6608
 
  >> Gradient of obj:
   1.41201037574098       1.254766728496994E-003
   1.04114113168654       1.722142450427727E-004
   2.00556307756027       6.120204798474433E-002
  -2.39731407999198      -3.697278257783403E-002
 -0.257384821933895      -6.422664306415861E-004
   4.01999632249386       0.337867847368666     
 
    1  0.5660797E+01  0.2391085E+01  0.1568184E+01  0.5619862E+01  0.5512433E+00
 
    >>Normalized Constraint Values:
     0.11E+00
    -0.70E+00
    -0.13E+01
    -0.21E+01
    -0.13E+01
    -0.70E+00
    -0.17E+00
     0.36E+00
 
 
    >>Objective:       6.4463       0.0524       6.4987
 
  >> Gradient of obj:
   1.38480956950152       1.830576732414375E-003
   1.15481811985015       2.192617929617964E-004
   1.49879027640273       1.183247793193902E-002
  -3.47398094755627      -7.701887155743431E-002
 -0.606719420406292      -4.434661096535378E-003
   1.96973767297207       6.019950003208295E-002
 
    2  0.6498664E+01  0.1051935E+01  0.6016312E+00  0.2007806E+01  0.5347722E+00
 
    >>Normalized Constraint Values:
     0.24E-01
    -0.71E+00
    -0.12E+01
    -0.20E+01
    -0.13E+01
    -0.76E+00
    -0.15E+00
     0.25E+00
 
 
    >>Objective:       6.7753       0.0608       6.8361
 
  >> Gradient of obj:
   1.45417674981295       2.482034099706037E-003
   1.14002012820119       6.445846352823833E-004
   1.50077913996044       1.147899197496819E-002
  -4.34162148810529      -0.111369553433977     
 -0.604059535788286      -3.751819239052278E-003
   1.74341421571634       4.873693257737845E-002
 
    3  0.6836122E+01  0.4028640E+00  0.2506977E+00  0.2078156E+01  0.1376308E+00
 
    >>Normalized Constraint Values:
    -0.11E+00
    -0.69E+00
    -0.90E+00
    -0.19E+01
    -0.13E+01
    -0.11E+01
     0.23E+00
    -0.24E+00
 
 
    >>Objective:       6.7962       0.0861       6.8823
 
 
    >>Normalized Constraint Values:
    -0.62E-01
    -0.78E+00
    -0.18E+01
    -0.19E+01
    -0.12E+01
    -0.25E+00
    -0.81E+00
     0.69E+00
 
 
    >>Objective:       6.3401       0.0701       6.4103
 
  >> Gradient of obj:
   1.41758862405566       2.737716610718012E-003
   1.14563608652577       3.663458491392461E-004
   1.54810427209382       4.088564154888200E-003
  -4.98729560302588      -0.152057682993432     
 -0.543116323068735      -4.050514014612428E-003
  0.476945513185775       4.836448146335995E-003
 
    4  0.6410269E+01  0.7623942E+00  0.7059008E+00  0.1993094E+02  0.3428965E-01
 
    >>Normalized Constraint Values:
     0.34E-02
    -0.72E+00
    -0.14E+01
    -0.20E+01
    -0.13E+01
    -0.64E+00
    -0.29E+00
     0.34E+00
 
 
    >>Objective:       6.1654       0.0625       6.2279
 
  >> Gradient of obj:
   1.45159633055678       2.800441412986215E-003
   1.13307466705690       7.836192683070352E-005
   1.54449549474491       6.240906831589330E-003
  -4.89087148175574      -0.140755763073379     
 -0.450422320837422      -1.958659340142293E-003
  0.798180539969838       1.118064615541382E-002
 
    5  0.6227889E+01  0.3409651E+00  0.3693722E+00  0.1274056E+01  0.7662259E-01
 
    >>Normalized Constraint Values:
    -0.68E-01
    -0.70E+00
    -0.10E+01
    -0.19E+01
    -0.13E+01
    -0.96E+00
     0.28E-01
    -0.39E-01
 
 
    >>Objective:       6.5438       0.0799       6.6237
 
  >> Gradient of obj:
   1.50254560073999       3.051806534910551E-003
   1.14443758394593       5.491679698588219E-005
   1.54694017841065       3.900002395356818E-003
  -5.98408221697690      -0.194044198088587     
 -0.390495724566506      -1.319244349622270E-003
  0.598085032919929       5.603114432054474E-003
 
    6  0.6623686E+01  0.3768049E+00  0.7572570E-01  0.1698112E+01  0.6628367E-01
 
    >>Normalized Constraint Values:
    -0.33E-01
    -0.71E+00
    -0.11E+01
    -0.20E+01
    -0.13E+01
    -0.93E+00
    -0.64E-01
     0.35E-01
 
 
    >>Objective:       6.3957       0.0837       6.4794
 
  >> Gradient of obj:
   1.44051081980522       3.217720861929464E-003
   1.14317675158526      -5.041037697915608E-005
   1.45056824183530       3.755396123749351E-003
  -5.70058317402955      -0.195388906450654     
 -0.181460491171152       3.098511286916229E-004
  0.598938139494243       6.418376946666825E-003
 
    7  0.6479402E+01  0.3264892E+00  0.4327510E-01  0.2513489E+01  0.2963776E-01
 
    >>Normalized Constraint Values:
    -0.24E-01
    -0.70E+00
    -0.10E+01
    -0.20E+01
    -0.13E+01
    -0.99E+00
     0.93E-03
    -0.17E-02
 
 
    >>Objective:       6.3239       0.0830       6.4069
 
  >> Gradient of obj:
   1.44601488179681       3.167810194988518E-003
   1.14835021508802      -4.266243895860107E-004
   1.42836253471545       2.345901306523112E-003
  -5.75685063214154      -0.197872877851875     
 -0.163374032613441      -4.971621628491244E-004
  0.531791033896529       4.290764951312768E-003
 
    8  0.6406896E+01  0.3988797E-01  0.2065196E-02  0.3041862E+01  0.2047506E-02
 
    >>Normalized Constraint Values:
    -0.24E-01
    -0.70E+00
    -0.99E+00
    -0.20E+01
    -0.13E+01
    -0.10E+01
     0.73E-03
    -0.65E-03
 
 
    >>Objective:       6.2840       0.0833       6.3674
 
  >> Gradient of obj:
   1.44652723291965       3.114174292686081E-003
   1.15411057095484      -2.068833131063078E-004
   1.40689551489373       2.736882351120852E-003
  -5.76877158332904      -0.195616091650270     
 -0.165436256696716      -4.920517625004960E-004
  0.471255879318625       3.975146626729193E-003
 
    9  0.6367388E+01  0.2697445E-01  0.9843202E-03  0.3187204E+01  0.1096712E-03
 
    >>Normalized Constraint Values:
    -0.27E-01
    -0.70E+00
    -0.95E+00
    -0.20E+01
    -0.13E+01
    -0.10E+01
     0.52E-02
    -0.51E-02
 
 
    >>Objective:       6.2191       0.0836       6.3028
 
  >> Gradient of obj:
   1.45001483981712       3.025513485878907E-003
   1.15500704719075       3.183033508441412E-004
   1.36697903477762       9.341296278023599E-004
  -5.82928831927621      -0.197464400325901     
 -0.167902242704117      -3.248061895304539E-004
  0.354087850011541       1.637165911748963E-003
 
   10  0.6302773E+01  0.3033616E+00  0.7413170E-02  0.3010557E+01  0.4685243E-04
 
    >>Normalized Constraint Values:
    -0.28E-01
    -0.70E+00
    -0.94E+00
    -0.20E+01
    -0.13E+01
    -0.11E+01
     0.55E-02
    -0.54E-02
 
 
    >>Objective:       6.1857       0.0841       6.2698
 
  >> Gradient of obj:
   1.45140005084002       3.186673573957855E-003
   1.15726242922301       1.475148125735630E-003
   1.34957560421226       2.641088048291380E-003
  -5.84734312507399      -0.200144153990984     
 -0.166139253002764      -6.382537066371256E-004
  0.306035944762478       1.680147543204413E-003
 
   11  0.6269831E+01  0.2156304E+00  0.7761542E-02  0.2867897E+01  0.9205682E-04
 
    >>Normalized Constraint Values:
    -0.27E-01
    -0.70E+00
    -0.96E+00
    -0.20E+01
    -0.13E+01
    -0.10E+01
    -0.21E-03
     0.14E-03
 
 
    >>Objective:       6.1739       0.0843       6.2582
 
  >> Gradient of obj:
   1.44898764362223       3.131825867250459E-003
   1.15650547245972       2.650794770566481E-004
   1.36749609083773       7.884332907916721E-004
  -5.81259751878090      -0.198588832723226     
 -0.168281573458919       3.723832680601775E-004
  0.316847775110268       1.721548360522306E-003
 
   12  0.6258150E+01  0.1489994E-01  0.5956057E-03  0.6731068E+00  0.2935461E-03
 
    >>Normalized Constraint Values:
    -0.20E-01
    -0.71E+00
    -0.11E+01
    -0.20E+01
    -0.13E+01
    -0.93E+00
    -0.11E-01
     0.90E-02
 
 
    >>Objective:       6.1341       0.0815       6.2156
 
  >> Gradient of obj:
   1.43813592452767       3.234717305382090E-003
   1.15369911626677       3.497268055406484E-004
   1.51424514168442       2.115793312927827E-003
  -5.65102186114337      -0.190594752998594     
 -0.167235944653639      -4.806322405283797E-004
  0.431353317747519       2.589785808825482E-003
 
   13  0.6215579E+01  0.1253977E+00  0.1139972E-01  0.1311876E+01  0.1597724E-03
 
    >>Normalized Constraint Values:
    -0.15E-01
    -0.71E+00
    -0.11E+01
    -0.20E+01
    -0.13E+01
    -0.86E+00
    -0.14E-01
     0.12E-01
 
 
    >>Objective:       6.1222       0.0805       6.2027
 
  >> Gradient of obj:
   1.43063762859826       2.871210721097670E-003
   1.15788477385703       6.590526038838383E-004
   1.71271692658237       6.025478752764598E-003
  -5.53436653283419      -0.181620701743300     
 -0.169347284703112      -2.417423932569501E-005
  0.596685344559975       6.502209785166835E-003
 
   14  0.6202740E+01  0.9717635E-01  0.1408793E-01  0.1369046E+01  0.1109399E-04
 
    >>Normalized Constraint Values:
    -0.16E-01
    -0.70E+00
    -0.11E+01
    -0.20E+01
    -0.13E+01
    -0.89E+00
    -0.12E-02
     0.20E-02
 
 
    >>Objective:       6.1216       0.0799       6.2015
 
  >> Gradient of obj:
   1.43411267179551       3.171846153065674E-003
   1.15578752339745       4.663381073507156E-004
   1.63528369763717       5.370238102903757E-003
  -5.57592232351339      -0.187906686060827     
 -0.167738042181699       8.655277907179282E-005
  0.529762543255431       5.215114479313598E-003
 
   15  0.6201547E+01  0.3460637E-01  0.2056655E-02  0.5220905E-01  0.2805017E-04
 
    >>Normalized Constraint Values:
    -0.16E-01
    -0.70E+00
    -0.11E+01
    -0.20E+01
    -0.13E+01
    -0.88E+00
    -0.51E-03
     0.44E-03
 
 
    >>Objective:       6.1248       0.0811       6.2059
 
  >> Gradient of obj:
   1.43349870199676       3.158167769804456E-003
   1.15332232490054      -5.691501399016007E-004
   1.65832717525932       4.546625346650612E-003
  -5.56761814636344      -0.186423452650990     
 -0.167796432258915      -4.352950789972835E-004
  0.550303772562145       5.024250062160709E-003
 
   16  0.6205870E+01  0.1131632E-01  0.5105408E-03  0.2075786E+00  0.1145125E-05
 
    >>Normalized Constraint Values:
    -0.16E-01
    -0.70E+00
    -0.11E+01
    -0.20E+01
    -0.13E+01
    -0.88E+00
    -0.77E-03
     0.20E-03
 
 
    >>Objective:       6.1248       0.0800       6.2048
 
  >> Gradient of obj:
   1.43327933331871       2.806294905157482E-003
   1.15602026229916      -3.906726966582134E-004
   1.67608955259974       4.791924874390430E-003
  -5.56095251083679      -0.183514142338831     
 -0.164994210181303      -3.435722751028303E-004
  0.563307718721608       5.656323735517926E-003
 
   17  0.6204761E+01  0.6479985E-02  0.7678131E-03  0.1996170E+00  0.1989908E-06
 
    >>Normalized Constraint Values:
    -0.16E-01
    -0.70E+00
    -0.11E+01
    -0.20E+01
    -0.13E+01
    -0.88E+00
     0.63E-03
     0.37E-03
 
 
    >>Objective:       6.1236       0.0803       6.2038
 
  >> Gradient of obj:
   1.43307702328820       3.104709701066620E-003
   1.15383248173370       3.461896455124112E-005
   1.67814254410941       5.284575299283467E-003
  -5.55779639591540      -0.184760491368436     
 -0.167281586011818      -2.276014607120030E-004
  0.568206660950029       6.220270838436056E-003
 
   18  0.6203843E+01  0.2384877E-02  0.6348144E-03  0.1949256E+00  0.7916239E-07
 
 The solution was found.
 
 The final value of the objective function is    6.20384251436425     
 
 The optimal values of X are:
 
 X  (           1 ) =    3.77939953741336      in^2
 X  (           2 ) =   0.250000229962455      in^2
 X  (           3 ) =   0.250000000000000      in^2
 X  (           4 ) =    44.2761028194316      deg
 X  (           5 ) =    60.0000048297713      deg
 X  (           6 ) =    143.242066707879      deg
 
 The multipliers for the equality constraints are:
 
 LAM(           1 ) =   5.181223692564353E-006
 LAM(           2 ) =   1.123720077247070E-007
 LAM(           3 ) =   7.051154720566983E-008
 LAM(           4 ) =   3.988672333997006E-008
 LAM(           5 ) =   6.108970145204359E-008
 LAM(           6 ) =   9.022087128989796E-008
 LAM(           7 ) =    2.47299868961399     
 LAM(           8 ) =    3.17506406299680     
 
 Weight and its variance:   6.12356753243462       8.027498192963378E-002
