 >> Number of Processors =  24
 
    >>Normalized Constraint Values:
     0.22E+01
    -0.51E+00
    -0.20E+01
    -0.34E+01
    -0.13E+01
     0.37E+00
     0.98E+00
     0.36E+01
 
  >> Gradient of obj:
   1.41555419481110       7.618301119727280E-004
   1.00063847237277      -1.605576708326358E-005
   1.41880781744600       7.015036335381217E-003
  -1.41487891918196      -1.238377312142011E-002
  7.720192895551161E-004  5.414997216758785E-005
   1.42657878387493       3.159430214441802E-002
 
 
    >>Objective:       3.8328       0.0166       3.8494
 
 
 iter    objective      ||grad||        inf_pr          inf_du         lg(mu)
    0  0.3849366E+01  0.0000000E+00  0.3640944E+01  0.1303579E+01  0.1000000E+01
 
    >>Normalized Constraint Values:
     0.95E+00
    -0.54E+00
    -0.16E+01
    -0.25E+01
    -0.13E+01
    -0.14E+00
     0.39E+00
     0.16E+01
 
 
    >>Objective:       4.9622       0.0499       5.0120
 
  >> Gradient of obj:
   1.37967376587911       1.152474271552585E-003
   1.02777773697694       9.729307360496059E-005
   2.00643430163193       5.189709653659475E-002
  -2.17690206402935      -3.139415059651676E-002
 -0.165820448017501      -4.973226498413406E-004
   3.41079345882912       0.240500874425924     
 
    1  0.5012036E+01  0.1453976E+01  0.1956779E+01  0.5270441E+01  0.3377660E+00
 
    >>Normalized Constraint Values:
     0.42E+00
    -0.78E+00
    -0.19E+01
    -0.21E+01
    -0.11E+01
     0.40E+00
    -0.75E+00
     0.23E+01
 
 
    >>Objective:       6.3399       0.0430       6.3828
 
  >> Gradient of obj:
   1.15652750160095       7.624581575575026E-004
   1.02835790895220       4.201986481710744E-006
   1.16631948586743       1.747656052221387E-003
  -2.00282091678140      -4.192480843970650E-002
 -0.328645398344337      -2.680140816573710E-003
  0.902395870675549       1.333658617327159E-002
 
    2  0.6382840E+01  0.9073299E+02  0.3701819E+01  0.4347303E+02  0.3783342E+02
 
    >>Normalized Constraint Values:
    -0.30E+00
    -0.91E+00
    -0.14E+01
    -0.15E+01
    -0.10E+01
    -0.32E+00
    -0.86E+00
     0.41E+00
 
 
    >>Objective:      11.6907       0.1746      11.8653
 
  >> Gradient of obj:
   1.33271743349069       3.214448008492365E-003
   1.02288700493333      -1.406761640217119E-004
   1.70221688950342       2.197420624363215E-002
  -6.25458542896931      -0.272636151135656     
 -0.568947483249968      -8.736674982663763E-003
   2.57391586232493       0.112235437149039     
 
    3  0.1186529E+02  0.2354380E+01  0.2392946E+01  0.2517624E+02  0.1177286E+02
 
    >>Normalized Constraint Values:
    -0.40E+00
    -0.91E+00
    -0.13E+01
    -0.15E+01
    -0.11E+01
    -0.49E+00
    -0.81E+00
     0.99E-01
 
 
    >>Objective:      13.4025       0.2368      13.6393
 
  >> Gradient of obj:
   1.37061033595615       3.938550686138878E-003
   1.02533874974931       1.190557600845002E-006
   1.65873907212737       2.411550043124892E-002
  -7.86165344611229      -0.397318705426330     
 -0.618938397369513      -8.964352733992929E-003
   2.94106795674407       0.147477502859197     
 
    4  0.1363930E+02  0.1988312E+01  0.1190656E+00  0.2454124E+01  0.1534504E+01
 
    >>Normalized Constraint Values:
    -0.41E+00
    -0.88E+00
    -0.12E+01
    -0.15E+01
    -0.11E+01
    -0.63E+00
    -0.68E+00
    -0.58E-01
 
 
    >>Objective:      13.4396       0.2474      13.6870
 
  >> Gradient of obj:
   1.44651333839752       5.230163529620781E-003
   1.02805166886174      -1.668029682685401E-004
   1.53970417882914       1.794757418772081E-002
  -9.13684453125631      -0.494165311814014     
 -0.556169731064082      -8.937853805218473E-003
   2.68498348647111       0.116263802526414     
 
    5  0.1368701E+02  0.3932624E+00  0.4011135E-01  0.3050519E+01  0.6945982E+00
 
    >>Normalized Constraint Values:
    -0.32E+00
    -0.80E+00
    -0.10E+01
    -0.15E+01
    -0.12E+01
    -0.81E+00
    -0.37E+00
    -0.85E-01
 
 
    >>Objective:      10.9748       0.1773      11.1521
 
  >> Gradient of obj:
   1.51100143727608       4.646360292051229E-003
   1.11486522954534       3.563021791691183E-004
   1.34889676979247       7.250381829286356E-003
  -8.67637109226677      -0.410878727917054     
 -0.757086454505510      -8.252072538828197E-003
   1.60713681880007       4.370317758454924E-002
 
    6  0.1115207E+02  0.9725239E+00  0.1347929E+00  0.4164842E+01  0.1946110E+00
 
    >>Normalized Constraint Values:
    -0.79E-01
    -0.67E+00
    -0.72E+00
    -0.17E+01
    -0.12E+01
    -0.10E+01
     0.27E+00
    -0.43E-01
 
 
    >>Objective:       8.8152       0.1399       8.9551
 
  >> Gradient of obj:
   1.54937028669164       4.239580549082935E-003
   1.13293248596943       3.835518849634462E-004
   1.38428207635516       6.121100191746822E-003
  -8.17788499338593      -0.345830316444257     
 -0.225674464962824      -1.191921508489582E-003
   1.41684453269553       2.889851886105322E-002
 
    7  0.8955099E+01  0.1351772E+01  0.2744221E+00  0.7230245E+01  0.7742168E-01
 
    >>Normalized Constraint Values:
    -0.12E+00
    -0.72E+00
    -0.72E+00
    -0.17E+01
    -0.12E+01
    -0.77E+00
     0.20E-01
     0.13E+00
 
 
    >>Objective:       8.0236       0.1306       8.1542
 
  >> Gradient of obj:
   1.46597560792367       4.147104162832896E-003
   1.13313819290534       4.128288862275696E-004
   1.28275521133661       1.211531451247249E-003
  -7.39713283141058      -0.317074778839470     
 -0.242863268270304      -9.545348021448482E-004
  0.535161929737703       3.954350533607983E-003
 
    8  0.8154234E+01  0.5460925E+00  0.1471368E+00  0.1464965E+02  0.3304597E-01
 
    >>Normalized Constraint Values:
    -0.13E+00
    -0.72E+00
    -0.81E+00
    -0.17E+01
    -0.12E+01
    -0.85E+00
     0.83E-02
     0.24E-01
 
 
    >>Objective:       8.5141       0.1379       8.6520
 
  >> Gradient of obj:
   1.47330586113425       3.800453177845107E-003
   1.11830344531903      -7.946716494620779E-005
   1.35962335557174       2.983836664920078E-003
  -7.54473918910481      -0.320737597638528     
 -0.238844625825299      -8.030872285167509E-004
  0.983046413528001       1.277993996838208E-002
 
    9  0.8651960E+01  0.2646753E+00  0.4595518E-01  0.2210828E+01  0.5450038E-01
 
    >>Normalized Constraint Values:
    -0.13E+00
    -0.73E+00
    -0.81E+00
    -0.17E+01
    -0.12E+01
    -0.83E+00
     0.35E-02
     0.17E-01
 
 
    >>Objective:       8.5403       0.1405       8.6808
 
  >> Gradient of obj:
   1.45432757768276       3.878768988015503E-003
   1.13739570436807       6.101330008576750E-004
   1.36251439864805       2.943127110092705E-003
  -7.50984742428167      -0.325813269531611     
 -0.198953479024992      -7.302098761325967E-004
  0.973598879157610       1.311378142345660E-002
 
   10  0.8680821E+01  0.1896276E+00  0.1847241E-01  0.1894073E+01  0.5077246E-02
 
    >>Normalized Constraint Values:
    -0.14E+00
    -0.73E+00
    -0.83E+00
    -0.16E+01
    -0.12E+01
    -0.79E+00
    -0.17E-03
     0.95E-02
 
 
    >>Objective:       8.5838       0.1439       8.7278
 
  >> Gradient of obj:
   1.43576481954260       3.843946179553502E-003
   1.14685100613417       4.324310274344238E-004
   1.41091845624067       5.474641729917744E-003
  -7.38723005932402      -0.326969896238496     
 -0.174415534850189      -5.210659872644484E-004
   1.09586611183113       1.804467087106802E-002
 
   11  0.8727762E+01  0.1049205E+00  0.9505852E-02  0.5554351E+00  0.7835494E-03
 
    >>Normalized Constraint Values:
    -0.13E+00
    -0.73E+00
    -0.85E+00
    -0.16E+01
    -0.12E+01
    -0.78E+00
     0.13E-02
     0.24E-02
 
 
    >>Objective:       8.6082       0.1442       8.7524
 
  >> Gradient of obj:
   1.42718715550091       3.753188880336697E-003
   1.15786723010779       6.385177065589790E-004
   1.44830244196721       5.928914475532573E-003
  -7.25673153875119      -0.317674129646055     
 -0.173545058292905       1.764195089615888E-004
   1.24235272722979       2.308564359828130E-002
 
   12  0.8752393E+01  0.4631403E-01  0.2462209E-02  0.8788000E-01  0.2913845E-03
 
    >>Normalized Constraint Values:
    -0.13E+00
    -0.74E+00
    -0.86E+00
    -0.17E+01
    -0.12E+01
    -0.78E+00
    -0.13E-02
    -0.94E-03
 
 
    >>Objective:       8.6233       0.1419       8.7652
 
  >> Gradient of obj:
   1.42494720487410       4.014227449804003E-003
   1.15077163449273      -9.739483345142788E-004
   1.46036473246892       6.999945601309778E-003
  -7.20583137591755      -0.313831221511101     
 -0.168688677457874       8.614908148890110E-004
   1.31456259377711       2.645828162676887E-002
 
   13  0.8765195E+01  0.2368456E-01  0.1296152E-02  0.8821040E-01  0.1462639E-04
 
    >>Normalized Constraint Values:
    -0.13E+00
    -0.73E+00
    -0.87E+00
    -0.17E+01
    -0.12E+01
    -0.78E+00
     0.19E-02
     0.63E-03
 
 
    >>Objective:       8.6141       0.1404       8.7545
 
  >> Gradient of obj:
   1.42320324335283       3.700766940100900E-003
   1.15323104608514       6.273641873507502E-006
   1.47092693719526       7.393243143260955E-003
  -7.13983835156387      -0.307415489169025     
 -0.169741571395875      -1.683481173955105E-003
   1.37566640481038       2.911500750993623E-002
 
   14  0.8754453E+01  0.2948795E-01  0.1851575E-02  0.2529560E+00  0.3902476E-06
 
    >>Normalized Constraint Values:
    -0.13E+00
    -0.73E+00
    -0.87E+00
    -0.17E+01
    -0.12E+01
    -0.78E+00
     0.21E-02
     0.71E-03
 
 
    >>Objective:       8.6150       0.1406       8.7556
 
  >> Gradient of obj:
   1.42281346583965       3.557130839565980E-003
   1.16026473052414      -1.113122900581840E-003
   1.47238743092018       7.092494823690215E-003
  -7.12769949988732      -0.306474806033697     
 -0.165950925378027       1.419332270604661E-003
   1.38255863486388       3.112140335783722E-002
 
   15  0.8755610E+01  0.3672740E-01  0.2100574E-02  0.3964418E+00  0.1342507E-03
 
    >>Normalized Constraint Values:
    -0.13E+00
    -0.73E+00
    -0.87E+00
    -0.17E+01
    -0.12E+01
    -0.78E+00
    -0.25E-03
    -0.43E-03
 
 
    >>Objective:       8.6238       0.1413       8.7651
 
  >> Gradient of obj:
   1.42343152031193       3.794806140527746E-003
   1.15749347312417       3.257665020645911E-004
   1.46720777953016       7.740310879173358E-003
  -7.16580111822391      -0.308389911211670     
 -0.168051738298576      -1.782774472730057E-004
   1.35338542129992       2.751735858580748E-002
 
   16  0.8765140E+01  0.1718412E-01  0.5421587E-03  0.9465096E-01  0.7219124E-04
 
    >>Normalized Constraint Values:
    -0.13E+00
    -0.73E+00
    -0.87E+00
    -0.17E+01
    -0.12E+01
    -0.78E+00
    -0.73E-03
     0.17E-02
 
 
    >>Objective:       8.6206       0.1415       8.7621
 
  >> Gradient of obj:
   1.42297792256611       3.914049002316609E-003
   1.15506276701827      -1.167072650318045E-003
   1.46764996940573       7.812222555802200E-003
  -7.14720951785439      -0.309081347391482     
 -0.168170756708054      -1.467147891191608E-003
   1.36496932856419       3.096687337367001E-002
 
   17  0.8762067E+01  0.6382788E-02  0.1699469E-02  0.7551783E-01  0.1443279E-05
 
    >>Normalized Constraint Values:
    -0.13E+00
    -0.73E+00
    -0.87E+00
    -0.17E+01
    -0.12E+01
    -0.78E+00
     0.14E-04
    -0.12E-02
 
 
    >>Objective:       8.6283       0.1425       8.7708
 
  >> Gradient of obj:
   1.42299704412587       4.174913801018253E-003
   1.15746390138438      -1.239321522372122E-003
   1.46962862673172       7.763288422640429E-003
  -7.15719705587844      -0.316097055855203     
 -0.167257577303735      -3.129885121486824E-004
   1.37066649734481       2.981107862184205E-002
 
   18  0.8770790E+01  0.3599517E-02  0.1189299E-02  0.8418595E-01  0.2284617E-04
 
 The solution was found.
 
 The final value of the objective function is    8.77078982704169     
 
 The optimal values of X are:
 
 X  (           1 ) =    4.96748413588251      in^2
 X  (           2 ) =   0.250032986276033      in^2
 X  (           3 ) =   0.865755092740220      in^2
 X  (           4 ) =    44.6716660069653      deg
 X  (           5 ) =    60.0029733544749      deg
 X  (           6 ) =    136.947788964297      deg
 
 The multipliers for the equality constraints are:
 
 LAM(           1 ) =   1.795507204482000E-004
 LAM(           2 ) =   3.111152943763423E-005
 LAM(           3 ) =   2.628136483081873E-005
 LAM(           4 ) =   1.381251413124599E-005
 LAM(           5 ) =   1.927000994594111E-005
 LAM(           6 ) =   2.916534083783384E-005
 LAM(           7 ) =    2.44673533366371     
 LAM(           8 ) =    5.64314488015235     
 
 Weight and its variance:   8.62832524727791       0.142464579763782     
