 >> Number of Processors =   4
 
    >>Normalized Constraint Values:
  0.11901E+01  0.39715E-01  0.12695E+01     29.96533
 -0.43526E+00  0.16788E-01 -0.40168E+00    -25.92734
 -0.20602E+01  0.21485E-01 -0.20172E+01    -95.89030
 -0.31901E+01  0.39440E-01 -0.31112E+01    -80.88410
 -0.15647E+01  0.16813E-01 -0.15311E+01    -93.07025
  0.60176E-01  0.21485E-01  0.10315E+00      2.80085
  0.13031E+00  0.40870E-01  0.21205E+00      3.18832
  0.22527E+01  0.50882E-01  0.23544E+01     44.27237
 
 
    >>Objective:       7.6598       0.0049       7.6647
    >>Coeff of variance :       0.0091
 
 iter    objective      ||grad||        inf_pr          inf_du         lg(mu)
    0  0.7664692E+01  0.0000000E+00  0.2364420E+01  0.1189401E+01  0.1000000E+01
 
    >>Normalized Constraint Values:
  0.66502E+00  0.22688E-01  0.71040E+00     29.31122
 -0.40885E+00  0.18583E-01 -0.37168E+00    -22.00121
 -0.18434E+01  0.18995E-01 -0.18054E+01    -97.04435
 -0.26650E+01  0.22657E-01 -0.26197E+01   -117.62453
 -0.15912E+01  0.18602E-01 -0.15540E+01    -85.53900
 -0.15664E+00  0.18983E-01 -0.11867E+00     -8.25152
 -0.10292E+00  0.40054E-01 -0.22808E-01     -2.56942
  0.14653E+01  0.30665E-01  0.15266E+01     47.78355
 
 
    >>Objective:       9.2741       0.0195       9.2936
    >>Coeff of variance :       0.0150
    1  0.9293588E+01  0.1517097E+01  0.1675496E+01  0.1044188E+02  0.3233790E+00
 
    >>Normalized Constraint Values:
  0.29766E+00  0.97166E-02  0.31710E+00     30.63452
 -0.26951E+00  0.12744E-01 -0.24402E+00    -21.14734
 -0.14543E+01  0.30148E-01 -0.13940E+01    -48.23805
 -0.22977E+01  0.98136E-02 -0.22780E+01   -234.13081
 -0.17305E+01  0.12746E-01 -0.17050E+01   -135.76585
 -0.54571E+00  0.30416E-01 -0.48487E+00    -17.94129
 -0.11166E-01  0.49052E-01  0.86937E-01     -0.22764
  0.66352E+00  0.33155E-01  0.72983E+00     20.01269
 
 
    >>Objective:       9.6856       0.0152       9.7008
    >>Coeff of variance :       0.0127
    2  0.9700799E+01  0.9762387E+00  0.8037832E+00  0.5247835E+01  0.3673012E+00
 
    >>Normalized Constraint Values:
  0.11127E-01  0.14067E-01  0.39261E-01      0.79103
 -0.30332E+00  0.16633E-01 -0.27005E+00    -18.23577
 -0.13331E+01  0.21428E-01 -0.12902E+01    -62.21267
 -0.20111E+01  0.14004E-01 -0.19831E+01   -143.61425
 -0.16967E+01  0.16659E-01 -0.16634E+01   -101.84948
 -0.66690E+00  0.21484E-01 -0.62393E+00    -31.04087
  0.18299E-01  0.43740E-01  0.10578E+00      0.41837
  0.45212E+00  0.25300E-01  0.50272E+00     17.87047
 
 
    >>Objective:      11.9418       0.0318      11.9735
    >>Coeff of variance :       0.0149
    3  0.1197354E+02  0.1011016E+01  0.5034556E+00  0.1771050E+02  0.4044210E+00
 
    >>Normalized Constraint Values:
 -0.15761E+00  0.69496E-02 -0.14371E+00    -22.67872
 -0.50336E+00  0.11326E-01 -0.48071E+00    -44.44478
 -0.12966E+01  0.25649E-01 -0.12453E+01    -50.55194
 -0.18424E+01  0.69388E-02 -0.18285E+01   -265.51991
 -0.14966E+01  0.11351E-01 -0.14739E+01   -131.85046
 -0.70338E+00  0.25658E-01 -0.65206E+00    -27.41398
 -0.32260E+00  0.42442E-01 -0.23771E+00     -7.60086
  0.12227E+00  0.24985E-01  0.17224E+00      4.89351
 
 
    >>Objective:      13.7502       0.0322      13.7825
    >>Coeff of variance :       0.0131
    4  0.1378245E+02  0.1324702E+01  0.1893766E+00  0.8262411E+01  0.2272427E+00
 
    >>Normalized Constraint Values:
 -0.15464E+00  0.68945E-02 -0.14086E+00    -22.43023
 -0.42177E+00  0.17425E-01 -0.38692E+00    -24.20497
 -0.11775E+01  0.24191E-01 -0.11291E+01    -48.67345
 -0.18454E+01  0.68725E-02 -0.18316E+01   -268.51151
 -0.15782E+01  0.17433E-01 -0.15434E+01    -90.53104
 -0.82252E+00  0.24235E-01 -0.77405E+00    -33.93882
 -0.45961E-01  0.55649E-01  0.65337E-01     -0.82591
  0.17853E-01  0.20775E-01  0.59403E-01      0.85934
 
 
    >>Objective:      14.6373       0.0501      14.6874
    >>Coeff of variance :       0.0153
    5  0.1468741E+02  0.6067382E+00  0.6804038E-01  0.3176522E+01  0.5814246E-01
 
    >>Normalized Constraint Values:
 -0.18408E+00  0.70038E-02 -0.17007E+00    -26.28284
 -0.45285E+00  0.16040E-01 -0.42077E+00    -28.23161
 -0.11981E+01  0.23455E-01 -0.11512E+01    -51.08017
 -0.18159E+01  0.69983E-02 -0.18019E+01   -259.48018
 -0.15472E+01  0.16051E-01 -0.15151E+01    -96.38908
 -0.80190E+00  0.23456E-01 -0.75499E+00    -34.18733
 -0.11803E+00  0.52818E-01 -0.12397E-01     -2.23470
 -0.42785E-03  0.21676E-01  0.42924E-01     -0.01974
 
 
    >>Objective:      15.0491       0.0524      15.1015
    >>Coeff of variance :       0.0152
    6  0.1510149E+02  0.5275295E+00  0.4533529E-01  0.1071504E+02  0.5287418E-01
 
    >>Normalized Constraint Values:
 -0.22200E+00  0.77713E-02 -0.20646E+00    -28.56642
 -0.46145E+00  0.15687E-01 -0.43008E+00    -29.41654
 -0.11913E+01  0.21384E-01 -0.11485E+01    -55.71115
 -0.17780E+01  0.77939E-02 -0.17624E+01   -228.12837
 -0.15385E+01  0.15704E-01 -0.15071E+01    -97.97099
 -0.80869E+00  0.21487E-01 -0.76572E+00    -37.63692
 -0.11795E+00  0.52160E-01 -0.13631E-01     -2.26134
 -0.38404E-01  0.21285E-01  0.41650E-02     -1.80432
 
 
    >>Objective:      15.9186       0.0638      15.9824
    >>Coeff of variance :       0.0159
    7  0.1598245E+02  0.2148714E+00  0.7754756E-02  0.2553905E+01  0.4328176E-02
 
    >>Normalized Constraint Values:
 -0.21887E+00  0.76680E-02 -0.20354E+00    -28.54375
 -0.45787E+00  0.15757E-01 -0.42636E+00    -29.05796
 -0.11859E+01  0.21188E-01 -0.11435E+01    -55.96955
 -0.17811E+01  0.76327E-02 -0.17659E+01   -233.35468
 -0.15421E+01  0.15789E-01 -0.15105E+01    -97.66881
 -0.81410E+00  0.21094E-01 -0.77191E+00    -38.59466
 -0.10614E+00  0.51945E-01 -0.22473E-02     -2.04326
 -0.42460E-01  0.20645E-01 -0.11709E-02     -2.05672
 
 
    >>Objective:      15.9883       0.0641      16.0524
    >>Coeff of variance :       0.0158
    8  0.1605237E+02  0.6289943E-01  0.1030932E-02  0.5001527E+00  0.3616362E-02
 
    >>Normalized Constraint Values:
 -0.20728E+00  0.72756E-02 -0.19272E+00    -28.48911
 -0.45622E+00  0.15689E-01 -0.42484E+00    -29.07956
 -0.11832E+01  0.20850E-01 -0.11415E+01    -56.74541
 -0.17927E+01  0.72564E-02 -0.17782E+01   -247.05268
 -0.15438E+01  0.15665E-01 -0.15125E+01    -98.55177
 -0.81685E+00  0.21036E-01 -0.77478E+00    -38.83158
 -0.10253E+00  0.51093E-01 -0.34568E-03     -2.00677
 -0.41100E-01  0.20313E-01 -0.47524E-03     -2.02340
 
 
    >>Objective:      15.9255       0.0613      15.9868
    >>Coeff of variance :       0.0155
    9  0.1598675E+02  0.8594774E-01  0.1493209E-02  0.2519914E+00  0.3025371E-03
 
    >>Normalized Constraint Values:
 -0.20581E+00  0.72325E-02 -0.19134E+00    -28.45590
 -0.45593E+00  0.15671E-01 -0.42459E+00    -29.09414
 -0.11830E+01  0.20964E-01 -0.11411E+01    -56.43188
 -0.17942E+01  0.72365E-02 -0.17797E+01   -247.93488
 -0.15441E+01  0.15678E-01 -0.15127E+01    -98.48471
 -0.81696E+00  0.20859E-01 -0.77525E+00    -39.16559
 -0.10197E+00  0.51316E-01  0.66555E-03     -1.98703
 -0.40672E-01  0.20133E-01 -0.40694E-03     -2.02021
 
 
    >>Objective:      15.9108       0.0620      15.9728
    >>Coeff of variance :       0.0157
   10  0.1597280E+02  0.8484719E-02  0.6753805E-03  0.6247735E-01  0.8032931E-05
 
    >>Normalized Constraint Values:
 -0.20528E+00  0.72098E-02 -0.19086E+00    -28.47238
 -0.45607E+00  0.15671E-01 -0.42472E+00    -29.10278
 -0.11833E+01  0.20932E-01 -0.11414E+01    -56.53108
 -0.17947E+01  0.72276E-02 -0.17803E+01   -248.31361
 -0.15439E+01  0.15674E-01 -0.15126E+01    -98.50020
 -0.81669E+00  0.20909E-01 -0.77487E+00    -39.05835
 -0.10254E+00  0.51450E-01  0.36037E-03     -1.99300
 -0.40282E-01  0.20208E-01  0.13452E-03     -1.99334
 
 
    >>Objective:      15.9017       0.0617      15.9634
    >>Coeff of variance :       0.0156
   11  0.1596344E+02  0.2405228E-02  0.3604536E-03  0.4305237E-01  0.3342076E-06
 
    >>Normalized Constraint Values:
 -0.20569E+00  0.71864E-02 -0.19131E+00    -28.62182
 -0.45623E+00  0.15652E-01 -0.42493E+00    -29.14890
 -0.11833E+01  0.21010E-01 -0.11413E+01    -56.32235
 -0.17943E+01  0.71938E-02 -0.17799E+01   -249.42359
 -0.15438E+01  0.15670E-01 -0.15124E+01    -98.51652
 -0.81667E+00  0.20908E-01 -0.77485E+00    -39.06042
 -0.10294E+00  0.51265E-01 -0.40799E-03     -2.00796
 -0.40386E-01  0.20158E-01 -0.70773E-04     -2.00351
 
 
    >>Objective:      15.9062       0.0614      15.9676
    >>Coeff of variance :       0.0156
 
    >>Normalized Constraint Values:
 -0.20554E+00  0.72151E-02 -0.19111E+00    -28.48801
 -0.45607E+00  0.15673E-01 -0.42472E+00    -29.09925
 -0.11833E+01  0.21018E-01 -0.11412E+01    -56.29766
 -0.17945E+01  0.72267E-02 -0.17800E+01   -248.31026
 -0.15439E+01  0.15666E-01 -0.15126E+01    -98.55093
 -0.81671E+00  0.21044E-01 -0.77463E+00    -38.81063
 -0.10250E+00  0.51350E-01  0.19748E-03     -1.99615
 -0.40325E-01  0.20180E-01  0.34981E-04     -1.99827
 
 
    >>Objective:      15.9033       0.0616      15.9649
    >>Coeff of variance :       0.0156
   12  0.1596490E+02  0.2586194E-02  0.2850090E-03  0.3118707E-01  0.7012637E-08
 
    >>Normalized Constraint Values:
 -0.20583E+00  0.72085E-02 -0.19141E+00    -28.55324
 -0.45615E+00  0.15664E-01 -0.42482E+00    -29.12112
 -0.11833E+01  0.21025E-01 -0.11412E+01    -56.27838
 -0.17942E+01  0.72053E-02 -0.17798E+01   -249.00843
 -0.15439E+01  0.15670E-01 -0.15125E+01    -98.52282
 -0.81673E+00  0.21080E-01 -0.77457E+00    -38.74478
 -0.10274E+00  0.51180E-01 -0.37724E-03     -2.00737
 -0.40348E-01  0.20060E-01 -0.22782E-03     -2.01136
 
 
    >>Objective:      15.9048       0.0606      15.9654
    >>Coeff of variance :       0.0155
 
    >>Normalized Constraint Values:
 -0.20558E+00  0.71914E-02 -0.19120E+00    -28.58715
 -0.45596E+00  0.15682E-01 -0.42459E+00    -29.07513
 -0.11833E+01  0.20938E-01 -0.11414E+01    -56.51355
 -0.17944E+01  0.72022E-02 -0.17800E+01   -249.14936
 -0.15440E+01  0.15687E-01 -0.15127E+01    -98.42643
 -0.81674E+00  0.20874E-01 -0.77499E+00    -39.12752
 -0.10236E+00  0.51116E-01 -0.13149E-03     -2.00257
 -0.40151E-01  0.20249E-01  0.34734E-03     -1.98285
 
 
    >>Objective:      15.8977       0.0613      15.9590
    >>Coeff of variance :       0.0156
   13  0.1595899E+02  0.1791174E-02  0.4082499E-03  0.2587859E-01  0.1567107E-09
 
    >>Normalized Constraint Values:
 -0.20591E+00  0.72217E-02 -0.19146E+00    -28.51199
 -0.45599E+00  0.15671E-01 -0.42465E+00    -29.09883
 -0.11831E+01  0.21025E-01 -0.11411E+01    -56.27152
 -0.17941E+01  0.72016E-02 -0.17797E+01   -249.12426
 -0.15440E+01  0.15679E-01 -0.15127E+01    -98.47877
 -0.81687E+00  0.20956E-01 -0.77496E+00    -38.97958
 -0.10225E+00  0.51370E-01  0.48818E-03     -1.99050
 -0.40442E-01  0.20208E-01 -0.26708E-04     -2.00132
 
 
    >>Objective:      15.9064       0.0612      15.9675
    >>Coeff of variance :       0.0156
   14  0.1596755E+02  0.2081024E-02  0.4881738E-03  0.4808730E-01  0.1000000E-10
 
    >>Normalized Constraint Values:
 -0.20585E+00  0.72299E-02 -0.19139E+00    -28.47202
 -0.45616E+00  0.15665E-01 -0.42483E+00    -29.11976
 -0.11833E+01  0.21038E-01 -0.11412E+01    -56.24255
 -0.17942E+01  0.72127E-02 -0.17797E+01   -248.74943
 -0.15438E+01  0.15673E-01 -0.15125E+01    -98.50569
 -0.81674E+00  0.20989E-01 -0.77477E+00    -38.91323
 -0.10273E+00  0.51043E-01 -0.64020E-03     -2.01254
 -0.40472E-01  0.20013E-01 -0.44734E-03     -2.02235
 
 
    >>Objective:      15.9070       0.0615      15.9685
    >>Coeff of variance :       0.0156
 
    >>Normalized Constraint Values:
 -0.20550E+00  0.72466E-02 -0.19101E+00    -28.35871
 -0.45582E+00  0.15694E-01 -0.42444E+00    -29.04536
 -0.11833E+01  0.20999E-01 -0.11413E+01    -56.34864
 -0.17945E+01  0.72008E-02 -0.17801E+01   -249.20776
 -0.15442E+01  0.15691E-01 -0.15128E+01    -98.41076
 -0.81675E+00  0.21061E-01 -0.77463E+00    -38.78031
 -0.10207E+00  0.51321E-01  0.56733E-03     -1.98895
 -0.39981E-01  0.20099E-01  0.21695E-03     -1.98921
 
 
    >>Objective:      15.8935       0.0617      15.9553
    >>Coeff of variance :       0.0156
   15  0.1595528E+02  0.1361383E-02  0.5673171E-03  0.9606063E-01  0.1000000E-10
 
    >>Normalized Constraint Values:
 -0.20552E+00  0.72138E-02 -0.19110E+00    -28.49035
 -0.45608E+00  0.15671E-01 -0.42474E+00    -29.10379
 -0.11833E+01  0.20937E-01 -0.11414E+01    -56.51802
 -0.17945E+01  0.72386E-02 -0.17800E+01   -247.90396
 -0.15439E+01  0.15672E-01 -0.15126E+01    -98.51751
 -0.81669E+00  0.21068E-01 -0.77455E+00    -38.76392
 -0.10263E+00  0.50985E-01 -0.65733E-03     -2.01289
 -0.40252E-01  0.20170E-01  0.87415E-04     -1.99567
 
 
    >>Objective:      15.9010       0.0618      15.9628
    >>Coeff of variance :       0.0156
   16  0.1596278E+02  0.4592018E-02  0.6573390E-03  0.6337197E-01  0.1000000E-10
 
    >>Normalized Constraint Values:
 -0.20544E+00  0.72258E-02 -0.19099E+00    -28.43213
 -0.45587E+00  0.15691E-01 -0.42449E+00    -29.05356
 -0.11832E+01  0.21076E-01 -0.11410E+01    -56.13859
 -0.17946E+01  0.72060E-02 -0.17801E+01   -249.03663
 -0.15441E+01  0.15687E-01 -0.15128E+01    -98.43338
 -0.81683E+00  0.20955E-01 -0.77492E+00    -38.97974
 -0.10200E+00  0.51323E-01  0.64364E-03     -1.98746
 -0.40314E-01  0.20190E-01  0.66857E-04     -1.99669
 
 
    >>Objective:      15.9015       0.0613      15.9628
    >>Coeff of variance :       0.0156
   17  0.1596277E+02  0.1008270E-02  0.6436347E-03  0.1116112E-01  0.1000000E-10
 
    >>Normalized Constraint Values:
 -0.20565E+00  0.71951E-02 -0.19126E+00    -28.58164
 -0.45612E+00  0.15664E-01 -0.42479E+00    -29.11794
 -0.11833E+01  0.20961E-01 -0.11414E+01    -56.45122
 -0.17943E+01  0.72114E-02 -0.17799E+01   -248.82138
 -0.15439E+01  0.15667E-01 -0.15126E+01    -98.54461
 -0.81673E+00  0.21096E-01 -0.77454E+00    -38.71470
 -0.10263E+00  0.51110E-01 -0.40862E-03     -2.00799
 -0.40364E-01  0.20157E-01 -0.50131E-04     -2.00249
 
 
    >>Objective:      15.9047       0.0619      15.9666
    >>Coeff of variance :       0.0156
   18  0.1596660E+02  0.1685222E-02  0.4086304E-03  0.2866458E-01  0.1000000E-10
 
    >>Normalized Constraint Values:
 -0.20550E+00  0.71814E-02 -0.19113E+00    -28.61514
 -0.45597E+00  0.15689E-01 -0.42459E+00    -29.06241
 -0.11833E+01  0.20906E-01 -0.11415E+01    -56.59989
 -0.17945E+01  0.72383E-02 -0.17800E+01   -247.91721
 -0.15440E+01  0.15690E-01 -0.15127E+01    -98.41131
 -0.81673E+00  0.20814E-01 -0.77510E+00    -39.23984
 -0.10222E+00  0.51228E-01  0.23842E-03     -1.99535
 -0.40347E-01  0.20248E-01  0.14885E-03     -1.99265
 
 
    >>Objective:      15.9027       0.0613      15.9640
    >>Coeff of variance :       0.0156
   19  0.1596399E+02  0.1475974E-02  0.5473459E-03  0.7607570E-01  0.1000000E-10
 
    >>Normalized Constraint Values:
 -0.20566E+00  0.72344E-02 -0.19119E+00    -28.42760
 -0.45608E+00  0.15679E-01 -0.42472E+00    -29.08887
 -0.11832E+01  0.21062E-01 -0.11411E+01    -56.17872
 -0.17943E+01  0.72223E-02 -0.17799E+01   -248.44381
 -0.15439E+01  0.15683E-01 -0.15126E+01    -98.44814
 -0.81678E+00  0.20893E-01 -0.77499E+00    -39.09269
 -0.10247E+00  0.51161E-01 -0.15203E-03     -2.00297
 -0.40463E-01  0.20088E-01 -0.28577E-03     -2.01423
 
 
    >>Objective:      15.9071       0.0622      15.9693
    >>Coeff of variance :       0.0157
   20  0.1596932E+02  0.2193057E-02  0.3178242E-03  0.8051099E-01  0.1000000E-10
 
    >>Normalized Constraint Values:
 -0.20547E+00  0.72037E-02 -0.19106E+00    -28.52279
 -0.45597E+00  0.15697E-01 -0.42457E+00    -29.04856
 -0.11833E+01  0.20977E-01 -0.11414E+01    -56.40999
 -0.17945E+01  0.71963E-02 -0.17801E+01   -249.36683
 -0.15440E+01  0.15688E-01 -0.15127E+01    -98.42115
 -0.81667E+00  0.21073E-01 -0.77452E+00    -38.75497
 -0.10230E+00  0.51422E-01  0.54323E-03     -1.98944
 -0.40190E-01  0.20217E-01  0.24436E-03     -1.98791
 
 
    >>Objective:      15.8991       0.0622      15.9613
    >>Coeff of variance :       0.0157
   21  0.1596131E+02  0.3782427E-02  0.5432154E-03  0.5125169E-01  0.1000000E-10
 
    >>Normalized Constraint Values:
 -0.20565E+00  0.72195E-02 -0.19121E+00    -28.48567
 -0.45620E+00  0.15673E-01 -0.42486E+00    -29.10785
 -0.11833E+01  0.20878E-01 -0.11415E+01    -56.67540
 -0.17944E+01  0.72009E-02 -0.17799E+01   -249.18271
 -0.15438E+01  0.15659E-01 -0.15125E+01    -98.58822
 -0.81672E+00  0.21103E-01 -0.77451E+00    -38.70180
 -0.10283E+00  0.51098E-01 -0.63425E-03     -2.01241
 -0.40427E-01  0.20213E-01 -0.12748E-05     -2.00006
 
 
    >>Objective:      15.9068       0.0620      15.9689
    >>Coeff of variance :       0.0157
   22  0.1596886E+02  0.4765172E-02  0.6342572E-03  0.1902368E-01  0.1000000E-10
 
    >>Normalized Constraint Values:
 -0.20557E+00  0.72127E-02 -0.19114E+00    -28.50075
 -0.45598E+00  0.15684E-01 -0.42462E+00    -29.07416
 -0.11832E+01  0.20954E-01 -0.11413E+01    -56.46661
 -0.17944E+01  0.72278E-02 -0.17800E+01   -248.26718
 -0.15440E+01  0.15682E-01 -0.15126E+01    -98.45479
 -0.81679E+00  0.21086E-01 -0.77462E+00    -38.73597
 -0.10222E+00  0.51507E-01  0.79221E-03     -1.98462
 -0.40431E-01  0.19999E-01 -0.43366E-03     -2.02168
 
 
    >>Objective:      15.9054       0.0614      15.9669
    >>Coeff of variance :       0.0156
 
    >>Normalized Constraint Values:
 -0.20542E+00  0.71650E-02 -0.19109E+00    -28.66931
 -0.45616E+00  0.15671E-01 -0.42482E+00    -29.10837
 -0.11835E+01  0.21155E-01 -0.11412E+01    -55.94411
 -0.17946E+01  0.72113E-02 -0.17802E+01   -248.85607
 -0.15438E+01  0.15667E-01 -0.15125E+01    -98.54295
 -0.81652E+00  0.21102E-01 -0.77431E+00    -38.69314
 -0.10295E+00  0.51226E-01 -0.50080E-03     -2.00978
 -0.40009E-01  0.20258E-01  0.50697E-03     -1.97497
 
 
    >>Objective:      15.8958       0.0609      15.9568
    >>Coeff of variance :       0.0155
   23  0.1595678E+02  0.2022408E-02  0.5069553E-03  0.8315682E-01  0.1000000E-10
 
    >>Normalized Constraint Values:
 -0.20566E+00  0.72234E-02 -0.19122E+00    -28.47176
 -0.45610E+00  0.15671E-01 -0.42476E+00    -29.10544
 -0.11832E+01  0.20980E-01 -0.11413E+01    -56.39841
 -0.17943E+01  0.72180E-02 -0.17799E+01   -248.59118
 -0.15439E+01  0.15669E-01 -0.15126E+01    -98.53313
 -0.81678E+00  0.20966E-01 -0.77484E+00    -38.95746
 -0.10255E+00  0.51138E-01 -0.27034E-03     -2.00529
 -0.40520E-01  0.20107E-01 -0.30554E-03     -2.01520
 
 
    >>Objective:      15.9076       0.0609      15.9685
    >>Coeff of variance :       0.0155
 
    >>Normalized Constraint Values:
 -0.20554E+00  0.72014E-02 -0.19114E+00    -28.54171
 -0.45613E+00  0.15666E-01 -0.42480E+00    -29.11611
 -0.11834E+01  0.20943E-01 -0.11415E+01    -56.50310
 -0.17945E+01  0.72227E-02 -0.17800E+01   -248.44688
 -0.15439E+01  0.15668E-01 -0.15125E+01    -98.53471
 -0.81665E+00  0.21076E-01 -0.77449E+00    -38.74757
 -0.10273E+00  0.51246E-01 -0.23758E-03     -2.00464
 -0.40247E-01  0.20033E-01 -0.18073E-03     -2.00902
 
 
    >>Objective:      15.9020       0.0614      15.9634
    >>Coeff of variance :       0.0156
   24  0.1596338E+02  0.3749475E-02  0.2375906E-03  0.2172851E-01  0.1000000E-10
 
    >>Normalized Constraint Values:
 -0.20539E+00  0.72258E-02 -0.19094E+00    -28.42483
 -0.45601E+00  0.15682E-01 -0.42464E+00    -29.07826
 -0.11834E+01  0.21006E-01 -0.11414E+01    -56.33600
 -0.17946E+01  0.71918E-02 -0.17802E+01   -249.53584
 -0.15440E+01  0.15686E-01 -0.15126E+01    -98.43425
 -0.81662E+00  0.21217E-01 -0.77419E+00    -38.48970
 -0.10253E+00  0.51139E-01 -0.25377E-03     -2.00496
 -0.40061E-01  0.20066E-01  0.71210E-04     -1.99645
 
 
    >>Objective:      15.8966       0.0612      15.9578
    >>Coeff of variance :       0.0156
   25  0.1595776E+02  0.2497184E-02  0.2762843E-03  0.6428550E-01  0.1000000E-10
 
    >>Normalized Constraint Values:
 -0.20539E+00  0.72166E-02 -0.19095E+00    -28.46016
 -0.45594E+00  0.15698E-01 -0.42454E+00    -29.04459
 -0.11833E+01  0.20989E-01 -0.11414E+01    -56.37921
 -0.17946E+01  0.72123E-02 -0.17802E+01   -248.82509
 -0.15441E+01  0.15690E-01 -0.15127E+01    -98.41054
 -0.81667E+00  0.21011E-01 -0.77464E+00    -38.86799
 -0.10228E+00  0.51254E-01  0.22345E-03     -1.99564
 -0.40167E-01  0.20226E-01  0.28547E-03     -1.98589
 
 
    >>Objective:      15.8977       0.0610      15.9587
    >>Coeff of variance :       0.0155
 
    >>Normalized Constraint Values:
 -0.20563E+00  0.71877E-02 -0.19125E+00    -28.60826
 -0.45608E+00  0.15672E-01 -0.42474E+00    -29.10236
 -0.11833E+01  0.21011E-01 -0.11412E+01    -56.31550
 -0.17944E+01  0.72123E-02 -0.17799E+01   -248.79430
 -0.15439E+01  0.15675E-01 -0.15126E+01    -98.49500
 -0.81673E+00  0.20959E-01 -0.77481E+00    -38.96777
 -0.10248E+00  0.51404E-01  0.33009E-03     -1.99358
 -0.40421E-01  0.20099E-01 -0.22240E-03     -2.01107
 
 
    >>Objective:      15.9058       0.0612      15.9670
    >>Coeff of variance :       0.0155
   26  0.1596695E+02  0.2497868E-03  0.3300840E-03  0.2697006E-01  0.1000000E-10
 
 The solution was found.
 
 The final value of the objective function is    15.9669545938119     
 
 The optimal values of X are:
 
 X  (           1 ) =    5.00000000000000      in^2
 X  (           2 ) =    1.82244302883515      in^2
 X  (           3 ) =    2.89642161589422      in^2
 X  (           4 ) =    37.4642343641398      deg
 X  (           5 ) =    60.0000000000000      deg
 X  (           6 ) =    148.666295339028      deg
 
 The multipliers for the equality constraints are:
 
 LAM(           1 ) =   5.230242371761616E-011
 LAM(           2 ) =   2.354671218707407E-011
 LAM(           3 ) =   8.761882236191254E-012
 LAM(           4 ) =   5.618056701743476E-012
 LAM(           5 ) =   6.611319091691651E-012
 LAM(           6 ) =   1.290801865613047E-011
 LAM(           7 ) =    2.50625733018644     
 LAM(           8 ) =    26.4631509178914     
 
Weight, variance, SD, CV:      15.9058       0.0612       0.2473       0.0155
