 >> Number of Processors =  32
 
    >>Normalized Constraint Values:
     0.21E+01
    -0.54E+00
    -0.20E+01
    -0.36E+01
    -0.14E+01
     0.31E+00
     0.85E+00
     0.33E+01
 
  >> Gradient of obj:
   1.41473539058279       1.272555969304238E-003
   1.00089281429039      -2.107071144230588E-005
   1.41487361234664       1.323613956764428E-003
  -1.41703842806397      -1.361368759098965E-002
 -1.385034890896563E-003 -8.439611960717697E-005
   1.41640370598994       1.392248242907716E-002
 
 
    >>Objective:       3.8299       0.0136       3.8435
 
 
 iter    objective      ||grad||        inf_pr          inf_du         lg(mu)
    0  0.3843519E+01  0.0000000E+00  0.3355212E+01  0.1300647E+01  0.1000000E+01
 
    >>Normalized Constraint Values:
     0.76E+00
    -0.57E+00
    -0.16E+01
    -0.26E+01
    -0.14E+01
    -0.23E+00
     0.27E+00
     0.13E+01
 
 
    >>Objective:       5.2313       0.0227       5.2540
 
  >> Gradient of obj:
   1.37060152719430       1.588519968445113E-003
   1.03456504202931       4.741627458966964E-005
   1.99301525802871       7.959241527686347E-003
  -2.13584023176147      -1.660702153408171E-002
 -0.210644852106960      -1.618493970830033E-003
   3.72376774483459       7.033994479123649E-002
 
    1  0.5253984E+01  0.1829828E+01  0.1758819E+01  0.5379986E+01  0.4201033E+00
 
    >>Normalized Constraint Values:
     0.20E+00
    -0.65E+00
    -0.11E+01
    -0.21E+01
    -0.13E+01
    -0.69E+00
     0.12E+00
     0.42E+00
 
 
    >>Objective:       6.3338       0.0194       6.3532
 
  >> Gradient of obj:
   1.42620925235488       3.288291678522627E-003
   1.15341788449946       2.653178724247122E-004
   1.50345819853111       1.973764664890964E-003
  -3.77902228806809      -3.611861175580023E-002
 -0.524842570499916      -4.308462038240167E-003
   1.91032036720792       2.006225490045982E-002
 
    2  0.6353241E+01  0.1043840E+01  0.6913678E+00  0.2764964E+01  0.4446446E+00
 
    >>Normalized Constraint Values:
     0.13E+00
    -0.67E+00
    -0.11E+01
    -0.20E+01
    -0.13E+01
    -0.67E+00
     0.49E-01
     0.38E+00
 
 
    >>Objective:       6.4824       0.0202       6.5027
 
  >> Gradient of obj:
   1.43717447109255       3.743711526249529E-003
   1.14756729510083       3.881739359575438E-005
   1.49304673800656       1.841575400585900E-003
  -4.10940495718016      -4.241862270783259E-002
 -0.536385105101110      -4.136320271618618E-003
   1.70669478074548       1.737402882359137E-002
 
    3  0.6502672E+01  0.5999263E+00  0.3840005E+00  0.1173248E+01  0.5590667E-01
 
    >>Normalized Constraint Values:
    -0.56E-01
    -0.69E+00
    -0.96E+00
    -0.19E+01
    -0.13E+01
    -0.81E+00
     0.10E+00
     0.11E+00
 
 
    >>Objective:       7.3507       0.0261       7.3768
 
  >> Gradient of obj:
   1.51461275685616       6.346250652068031E-003
   1.13864809662394       2.323034440898652E-004
   1.48005890375144       1.408229647180311E-003
  -5.90078117865041      -8.074885352083144E-002
 -0.500797058679133      -4.693491166226282E-003
   1.35843097649810       1.602746400512756E-002
 
    4  0.7376816E+01  0.9467384E+00  0.1285511E+00  0.3040570E+01  0.7029900E-01
 
    >>Normalized Constraint Values:
    -0.17E+00
    -0.75E+00
    -0.91E+00
    -0.18E+01
    -0.12E+01
    -0.29E+00
    -0.93E-01
     0.50E+00
 
 
    >>Objective:       7.3904       0.0268       7.4172
 
 
    >>Normalized Constraint Values:
    -0.27E+00
    -0.73E+00
    -0.62E+00
    -0.17E+01
    -0.12E+01
    -0.85E+00
     0.20E+00
    -0.16E+00
 
 
    >>Objective:       8.7163       0.0352       8.7514
 
 
    >>Normalized Constraint Values:
    -0.25E+00
    -0.78E+00
    -0.96E+00
    -0.17E+01
    -0.12E+01
    -0.32E+00
    -0.22E+00
     0.41E+00
 
 
    >>Objective:       8.0516       0.0281       8.0797
 
 
    >>Normalized Constraint Values:
    -0.12E+00
    -0.72E+00
    -0.91E+00
    -0.18E+01
    -0.12E+01
    -0.71E+00
     0.28E-01
     0.13E+00
 
 
    >>Objective:       7.3905       0.0257       7.4162
 
  >> Gradient of obj:
   1.45353679148609       5.912750126263091E-003
   1.14434898315180       1.131645301762537E-004
   1.46150532042023       8.843200768726688E-004
  -6.24302057316853      -8.421320827683788E-002
 -0.340813474179560      -3.994395405835783E-003
  0.915774097412962       1.307462135920357E-002
 
    5  0.7416223E+01  0.1291646E+01  0.1392688E+00  0.7455217E+01  0.3198153E-01
 
    >>Normalized Constraint Values:
    -0.13E+00
    -0.72E+00
    -0.93E+00
    -0.18E+01
    -0.12E+01
    -0.81E+00
    -0.25E-01
     0.39E-01
 
 
    >>Objective:       7.8694       0.0271       7.8966
 
  >> Gradient of obj:
   1.47172889505052       6.254047601054556E-003
   1.13771313022545       1.077239909778408E-004
   1.41929335543490       9.917807117313751E-004
  -6.44991065098811      -8.970047844847855E-002
 -0.381342513919019      -3.557097633266511E-003
   1.20188854871272       1.261948686169155E-002
 
    6  0.7896552E+01  0.2516757E+00  0.5119340E-01  0.5181217E+00  0.6154902E-01
 
    >>Normalized Constraint Values:
    -0.15E+00
    -0.73E+00
    -0.89E+00
    -0.18E+01
    -0.12E+01
    -0.83E+00
     0.29E-02
     0.67E-02
 
 
    >>Objective:       7.9437       0.0277       7.9714
 
  >> Gradient of obj:
   1.46725149821410       6.360335633429992E-003
   1.14725925206754       1.885004953964634E-004
   1.41517830561669       8.088011365181557E-004
  -6.64909082271569      -9.421344129762307E-002
 -0.342742793420861      -3.975046838391785E-003
   1.14179333897255       1.257427888092312E-002
 
    7  0.7971353E+01  0.1803020E+00  0.8124151E-02  0.6738921E+00  0.5991721E-02
 
    >>Normalized Constraint Values:
    -0.15E+00
    -0.73E+00
    -0.88E+00
    -0.18E+01
    -0.12E+01
    -0.82E+00
    -0.63E-02
     0.34E-02
 
 
    >>Objective:       7.9517       0.0274       7.9790
 
 
    >>Normalized Constraint Values:
    -0.15E+00
    -0.73E+00
    -0.88E+00
    -0.18E+01
    -0.12E+01
    -0.82E+00
     0.49E-03
     0.44E-03
 
 
    >>Objective:       7.9544       0.0275       7.9819
 
  >> Gradient of obj:
   1.44739351465750       6.263506649573817E-003
   1.15343279196690       6.284283972609236E-005
   1.41243510976650       1.168810343636177E-003
  -6.64827932585598      -9.506768040619519E-002
 -0.263814999829721      -3.798785244823286E-003
   1.14303273526320       1.289263999746097E-002
 
    8  0.7981932E+01  0.1630432E+00  0.9022020E-03  0.3206539E+00  0.3801706E-03
 
    >>Normalized Constraint Values:
    -0.14E+00
    -0.73E+00
    -0.88E+00
    -0.18E+01
    -0.12E+01
    -0.83E+00
    -0.31E-03
    -0.17E-03
 
 
    >>Objective:       7.9537       0.0277       7.9813
 
  >> Gradient of obj:
   1.44560913207428       6.087523243190048E-003
   1.15469633254399       1.849857319620914E-004
   1.40670019308920       9.368399487256576E-004
  -6.63518154471100      -9.101214730058907E-002
 -0.248363454795146      -3.633167140676440E-003
   1.15589752450228       1.264097439187972E-002
 
    9  0.7981333E+01  0.2495418E-01  0.8554064E-03  0.6915017E-01  0.1592004E-04
 
    >>Normalized Constraint Values:
    -0.14E+00
    -0.73E+00
    -0.88E+00
    -0.18E+01
    -0.12E+01
    -0.83E+00
     0.71E-03
     0.13E-02
 
 
    >>Objective:       7.9508       0.0277       7.9785
 
  >> Gradient of obj:
   1.44196202928569       6.131580217084325E-003
   1.15630982384196       1.185638968840644E-004
   1.40665738508916       1.167447627944777E-003
  -6.62812559334716      -9.242628439862080E-002
 -0.223061275986622      -3.735810836157878E-003
   1.16319093330021       1.298908069354436E-002
 
   10  0.7978523E+01  0.3852535E-01  0.1324962E-02  0.6580028E-01  0.5459913E-06
 
    >>Normalized Constraint Values:
    -0.14E+00
    -0.73E+00
    -0.87E+00
    -0.18E+01
    -0.12E+01
    -0.83E+00
    -0.13E-02
     0.47E-03
 
 
    >>Objective:       7.9568       0.0274       7.9843
 
 
    >>Normalized Constraint Values:
    -0.14E+00
    -0.73E+00
    -0.87E+00
    -0.18E+01
    -0.12E+01
    -0.83E+00
    -0.11E-02
     0.91E-04
 
 
    >>Objective:       7.9548       0.0267       7.9815
 
  >> Gradient of obj:
   1.43422745103712       6.010470750155136E-003
   1.15552692630830       2.347619270537393E-005
   1.39523802018527       9.069274285344877E-004
  -6.65279676959315      -9.264922409938330E-002
 -0.168117122412037      -3.866747354021502E-003
   1.15990219080810       1.208388997191871E-002
 
   11  0.7981507E+01  0.1033305E+00  0.1087228E-02  0.1141073E+00  0.3760784E-04
 
    >>Normalized Constraint Values:
    -0.14E+00
    -0.73E+00
    -0.87E+00
    -0.18E+01
    -0.12E+01
    -0.83E+00
    -0.53E-03
    -0.55E-03
 
 
    >>Objective:       7.9516       0.0272       7.9788
 
  >> Gradient of obj:
   1.43943604452397       5.980508633755344E-003
   1.15537205545594       3.483812845021343E-005
   1.40318025664496       1.029007648772525E-003
  -6.63595179285274      -9.228225475920024E-002
 -0.204659847300580      -3.883599860404549E-003
   1.16405506801744       1.196809846055127E-002
 
   12  0.7978832E+01  0.5683078E-01  0.5285774E-03  0.2878326E-01  0.1348110E-03
 
    >>Normalized Constraint Values:
    -0.14E+00
    -0.73E+00
    -0.87E+00
    -0.18E+01
    -0.12E+01
    -0.83E+00
    -0.29E-03
     0.18E-03
 
 
    >>Objective:       7.9471       0.0273       7.9744
 
  >> Gradient of obj:
   1.43862138256583       5.999348217775577E-003
   1.15543965038310       2.307746192246422E-004
   1.40133326309845       9.699634598921608E-004
  -6.63336506743177      -9.200411716745817E-002
 -0.202149437005817      -4.065435724289129E-003
   1.16220179912728       1.199173879736735E-002
 
   13  0.7974388E+01  0.3286155E-02  0.3672756E-03  0.3910216E-01  0.4798961E-05
 
 The solution was found.
 
 The final value of the objective function is    7.97438769436235     
 
 The optimal values of X are:
 
 X  (           1 ) =    4.46044139763858      in^2
 X  (           2 ) =   0.303217855990889      in^2
 X  (           3 ) =   0.843057670510651      in^2
 X  (           4 ) =    44.0775814470410      deg
 X  (           5 ) =    60.0001451480939      deg
 X  (           6 ) =    134.464142801742      deg
 
 The multipliers for the equality constraints are:
 
 LAM(           1 ) =   4.302948301239536E-005
 LAM(           2 ) =   8.006748402070315E-006
 LAM(           3 ) =   6.943758305326712E-006
 LAM(           4 ) =   3.229644702476360E-006
 LAM(           5 ) =   4.775959635938145E-006
 LAM(           6 ) =   6.973172598885016E-006
 LAM(           7 ) =    2.57826901182903     
 LAM(           8 ) =    5.35231092094561     
 
 Weight and its variance:   7.94712510847048       2.726258589186870E-002
