 >> Number of Processors =  24
 
    >>Normalized Constraint Values:
     0.18E+01
    -0.59E+00
    -0.22E+01
    -0.38E+01
    -0.14E+01
     0.17E+00
     0.66E+00
     0.30E+01
 
  >> Gradient of obj:
   1.41533306264582       0.000000000000000E+000
   1.00189834630148       0.000000000000000E+000
   1.41823428645759       0.000000000000000E+000
  -1.41931164939068       0.000000000000000E+000
  1.528286559680516E-003  0.000000000000000E+000
   1.42688742882498       0.000000000000000E+000
 
 
    >>Objective:       3.8328       0.0000       3.8328
 
 
 iter    objective      ||grad||        inf_pr          inf_du         lg(mu)
    0  0.3832784E+01  0.0000000E+00  0.3024111E+01  0.1247558E+01  0.1000000E+01
 
    >>Normalized Constraint Values:
     0.57E+00
    -0.61E+00
    -0.16E+01
    -0.26E+01
    -0.14E+01
    -0.41E+00
     0.11E+00
     0.10E+01
 
 
    >>Objective:       5.5885       0.0000       5.5885
 
  >> Gradient of obj:
   1.41375371433763       0.000000000000000E+000
   1.04084619827211       0.000000000000000E+000
   2.00128640754665       0.000000000000000E+000
  -2.39664957899858       0.000000000000000E+000
 -0.253617627658585       0.000000000000000E+000
   3.99814903455949       0.000000000000000E+000
 
    1  0.5588533E+01  0.2390672E+01  0.1567219E+01  0.5230319E+01  0.5512490E+00
 
    >>Normalized Constraint Values:
     0.11E+00
    -0.70E+00
    -0.13E+01
    -0.21E+01
    -0.13E+01
    -0.70E+00
    -0.17E+00
     0.36E+00
 
 
    >>Objective:       6.4544       0.0000       6.4544
 
  >> Gradient of obj:
   1.38449948316985       0.000000000000000E+000
   1.15424172595225       0.000000000000000E+000
   1.49660141369949       0.000000000000000E+000
  -3.47991532617097       0.000000000000000E+000
 -0.607450324495460       0.000000000000000E+000
   1.97257867052998       0.000000000000000E+000
 
    2  0.6454435E+01  0.1048572E+01  0.5901762E+00  0.2041493E+01  0.5329165E+00
 
    >>Normalized Constraint Values:
     0.17E-01
    -0.71E+00
    -0.12E+01
    -0.20E+01
    -0.13E+01
    -0.77E+00
    -0.15E+00
     0.24E+00
 
 
    >>Objective:       6.8169       0.0000       6.8169
 
  >> Gradient of obj:
   1.45838016647054       0.000000000000000E+000
   1.13939377057296       0.000000000000000E+000
   1.49959754398317       0.000000000000000E+000
  -4.40773610309238       0.000000000000000E+000
 -0.601276446421087       0.000000000000000E+000
   1.73985661719753       0.000000000000000E+000
 
    3  0.6816850E+01  0.3787722E+00  0.2400826E+00  0.2099714E+01  0.1433306E+00
 
    >>Normalized Constraint Values:
    -0.11E+00
    -0.69E+00
    -0.94E+00
    -0.19E+01
    -0.13E+01
    -0.11E+01
     0.17E+00
    -0.20E+00
 
 
    >>Objective:       6.8130       0.0000       6.8130
 
 
    >>Normalized Constraint Values:
    -0.73E-01
    -0.77E+00
    -0.16E+01
    -0.19E+01
    -0.12E+01
    -0.41E+00
    -0.64E+00
     0.51E+00
 
 
    >>Objective:       6.4378       0.0000       6.4378
 
  >> Gradient of obj:
   1.43431716081842       0.000000000000000E+000
   1.14661970391139       0.000000000000000E+000
   1.57044310288576       0.000000000000000E+000
  -5.16931181045814       0.000000000000000E+000
 -0.541166712088604       0.000000000000000E+000
  0.541034865260211       0.000000000000000E+000
 
    4  0.6437770E+01  0.7375889E+00  0.5224556E+00  0.1779903E+02  0.3710326E-01
 
    >>Normalized Constraint Values:
    -0.24E-01
    -0.72E+00
    -0.13E+01
    -0.20E+01
    -0.13E+01
    -0.73E+00
    -0.20E+00
     0.22E+00
 
 
    >>Objective:       6.3604       0.0000       6.3604
 
  >> Gradient of obj:
   1.46842887823725       0.000000000000000E+000
   1.13496083938227       0.000000000000000E+000
   1.54971141575788       0.000000000000000E+000
  -5.21939870353345       0.000000000000000E+000
 -0.435614187222281       0.000000000000000E+000
  0.820393014637543       0.000000000000000E+000
 
    5  0.6360376E+01  0.2229626E+00  0.2476912E+00  0.1490650E+01  0.8453069E-01
 
    >>Normalized Constraint Values:
    -0.63E-01
    -0.70E+00
    -0.10E+01
    -0.19E+01
    -0.13E+01
    -0.97E+00
     0.51E-01
    -0.56E-01
 
 
    >>Objective:       6.4958       0.0000       6.4958
 
  >> Gradient of obj:
   1.49703411711903       0.000000000000000E+000
   1.14778309687595       0.000000000000000E+000
   1.56044694262037       0.000000000000000E+000
  -5.95126750653620       0.000000000000000E+000
 -0.373704441651861       0.000000000000000E+000
  0.591182920713839       0.000000000000000E+000
 
    6  0.6495788E+01  0.2654037E+00  0.7397941E-01  0.1567923E+01  0.3438693E-01
 
    >>Normalized Constraint Values:
    -0.36E-01
    -0.71E+00
    -0.11E+01
    -0.20E+01
    -0.13E+01
    -0.89E+00
    -0.30E-01
     0.30E-01
 
 
    >>Objective:       6.2299       0.0000       6.2299
 
  >> Gradient of obj:
   1.46371330230765       0.000000000000000E+000
   1.15299814571064       0.000000000000000E+000
   1.57353526083657       0.000000000000000E+000
  -5.64824991230579       0.000000000000000E+000
 -0.304534132815465       0.000000000000000E+000
  0.497167764380915       0.000000000000000E+000
 
    7  0.6229937E+01  0.1172172E+00  0.3077198E-01  0.6696559E+00  0.4351804E-02
 
    >>Normalized Constraint Values:
    -0.25E-01
    -0.71E+00
    -0.11E+01
    -0.20E+01
    -0.13E+01
    -0.90E+00
    -0.21E-01
     0.15E-01
 
 
    >>Objective:       6.1607       0.0000       6.1607
 
  >> Gradient of obj:
   1.44231012254752       0.000000000000000E+000
   1.15024087072000       0.000000000000000E+000
   1.57576519067501       0.000000000000000E+000
  -5.63186640359348       0.000000000000000E+000
 -0.198892749299682       0.000000000000000E+000
  0.480071739270850       0.000000000000000E+000
 
    8  0.6160679E+01  0.2194868E+00  0.1813267E-01  0.9798535E+00  0.8755583E-02
 
    >>Normalized Constraint Values:
    -0.20E-01
    -0.71E+00
    -0.11E+01
    -0.20E+01
    -0.13E+01
    -0.90E+00
    -0.17E-01
     0.11E-01
 
 
    >>Objective:       6.1376       0.0000       6.1376
 
  >> Gradient of obj:
   1.43542555021829       0.000000000000000E+000
   1.15204724636236       0.000000000000000E+000
   1.58332873723964       0.000000000000000E+000
  -5.61573832296189       0.000000000000000E+000
 -0.165683734321368       0.000000000000000E+000
  0.489164797630830       0.000000000000000E+000
 
    9  0.6137594E+01  0.1484835E+00  0.1451119E-01  0.6869793E+00  0.1717571E-02
 
    >>Normalized Constraint Values:
    -0.18E-01
    -0.70E+00
    -0.11E+01
    -0.20E+01
    -0.13E+01
    -0.90E+00
    -0.39E-03
     0.25E-03
 
 
    >>Objective:       6.1318       0.0000       6.1318
 
  >> Gradient of obj:
   1.43580420649576       0.000000000000000E+000
   1.15589083677617       0.000000000000000E+000
   1.60638344546140       0.000000000000000E+000
  -5.59864840674881       0.000000000000000E+000
 -0.168508833779648       0.000000000000000E+000
  0.507125403226324       0.000000000000000E+000
 
   10  0.6131813E+01  0.1448239E-01  0.8152538E-03  0.1628828E+00  0.1655497E-02
 
    >>Normalized Constraint Values:
    -0.18E-01
    -0.70E+00
    -0.11E+01
    -0.20E+01
    -0.13E+01
    -0.90E+00
    -0.59E-03
    -0.17E-03
 
 
    >>Objective:       6.1281       0.0000       6.1281
 
  >> Gradient of obj:
   1.43474079313172       0.000000000000000E+000
   1.15587721927145       0.000000000000000E+000
   1.61950363178366       0.000000000000000E+000
  -5.59106618489521       0.000000000000000E+000
 -0.166584995783660       0.000000000000000E+000
  0.517616486726681       0.000000000000000E+000
 
   11  0.6128134E+01  0.6881330E-02  0.5744204E-03  0.2479265E+00  0.4716817E-04
 
    >>Normalized Constraint Values:
    -0.17E-01
    -0.70E+00
    -0.11E+01
    -0.20E+01
    -0.13E+01
    -0.89E+00
    -0.70E-03
     0.12E-03
 
 
    >>Objective:       6.1252       0.0000       6.1252
 
  >> Gradient of obj:
   1.43445114240275       0.000000000000000E+000
   1.15491900959508       0.000000000000000E+000
   1.63459188996627       0.000000000000000E+000
  -5.58328599010175       0.000000000000000E+000
 -0.168185854141550       0.000000000000000E+000
  0.529588304961976       0.000000000000000E+000
 
   12  0.6125172E+01  0.7366002E-02  0.6955749E-03  0.2831813E+00  0.1091547E-04
 
    >>Normalized Constraint Values:
    -0.16E-01
    -0.70E+00
    -0.11E+01
    -0.20E+01
    -0.13E+01
    -0.89E+00
    -0.46E-04
    -0.35E-04
 
 
    >>Objective:       6.1233       0.0000       6.1233
 
  >> Gradient of obj:
   1.43386501091717       0.000000000000000E+000
   1.15776700738974       0.000000000000000E+000
   1.65315528108330       0.000000000000000E+000
  -5.57173798250689       0.000000000000000E+000
 -0.167561674046621       0.000000000000000E+000
  0.545253516384600       0.000000000000000E+000
 
   13  0.6123342E+01  0.8592373E-02  0.2979318E-03  0.2312062E+00  0.4933923E-06
 
    >>Normalized Constraint Values:
    -0.13E-01
    -0.70E+00
    -0.12E+01
    -0.20E+01
    -0.13E+01
    -0.85E+00
    -0.50E-02
     0.65E-02
 
 
    >>Objective:       6.1232       0.0000       6.1232
 
  >> Gradient of obj:
   1.43001792758598       0.000000000000000E+000
   1.15450691705302       0.000000000000000E+000
   1.79509495295565       0.000000000000000E+000
  -5.50384064562148       0.000000000000000E+000
 -0.167531459370785       0.000000000000000E+000
  0.670183626204117       0.000000000000000E+000
 
   14  0.6123177E+01  0.5820203E-01  0.6504967E-02  0.1158781E+01  0.2916536E-06
 
    >>Normalized Constraint Values:
    -0.16E-01
    -0.70E+00
    -0.11E+01
    -0.20E+01
    -0.13E+01
    -0.88E+00
    -0.38E-02
     0.33E-02
 
 
    >>Objective:       6.1223       0.0000       6.1223
 
  >> Gradient of obj:
   1.43258841624129       0.000000000000000E+000
   1.15572176556303       0.000000000000000E+000
   1.67803585539826       0.000000000000000E+000
  -5.55607572492862       0.000000000000000E+000
 -0.165527236199380       0.000000000000000E+000
  0.566783752039690       0.000000000000000E+000
 
   15  0.6122291E+01  0.4721237E-01  0.3826220E-02  0.1316787E+00  0.5302467E-06
 
    >>Normalized Constraint Values:
    -0.15E-01
    -0.70E+00
    -0.11E+01
    -0.20E+01
    -0.13E+01
    -0.88E+00
     0.94E-03
     0.32E-03
 
 
    >>Objective:       6.1232       0.0000       6.1232
 
  >> Gradient of obj:
   1.43267703729980       0.000000000000000E+000
   1.15720352515173       0.000000000000000E+000
   1.69040206609853       0.000000000000000E+000
  -5.55209035726452       0.000000000000000E+000
 -0.164696581281577       0.000000000000000E+000
  0.579032390766079       0.000000000000000E+000
 
   16  0.6123196E+01  0.6230718E-02  0.9446932E-03  0.1503433E+00  0.2187926E-07
 
    >>Normalized Constraint Values:
    -0.16E-01
    -0.70E+00
    -0.11E+01
    -0.20E+01
    -0.13E+01
    -0.88E+00
     0.82E-05
     0.19E-03
 
 
    >>Objective:       6.1264       0.0000       6.1264
 
  >> Gradient of obj:
   1.43289631583776       0.000000000000000E+000
   1.15523087078124       0.000000000000000E+000
   1.68647926483352       0.000000000000000E+000
  -5.55759643698683       0.000000000000000E+000
 -0.166848249299622       0.000000000000000E+000
  0.572836363954682       0.000000000000000E+000
 
   17  0.6126416E+01  0.3162099E-02  0.2021982E-03  0.1780574E+00  0.1779055E-08
 
 The solution was found.
 
 The final value of the objective function is    6.12641568903381     
 
 The optimal values of X are:
 
 X  (           1 ) =    3.78096823484459      in^2
 X  (           2 ) =   0.250000000000000      in^2
 X  (           3 ) =   0.250000000000000      in^2
 X  (           4 ) =    44.2840708586039      deg
 X  (           5 ) =    60.0000000000000      deg
 X  (           6 ) =    143.380521280084      deg
 
 The multipliers for the equality constraints are:
 
 LAM(           1 ) =   2.660709529753122E-008
 LAM(           2 ) =   2.516757758714076E-009
 LAM(           3 ) =   1.615036460510207E-009
 LAM(           4 ) =   9.005156375590906E-010
 LAM(           5 ) =   1.376325261288246E-009
 LAM(           6 ) =   1.983845500409860E-009
 LAM(           7 ) =    2.53406503239417     
 LAM(           8 ) =    3.22164041385398     
 
 Weight and its variance:   6.12641568903381       0.000000000000000E+000
