   -0.91246E+00    0.40000E+01    0.20000E-03    0.20000E-03
   -0.90516E+00    0.16000E+02    0.80000E-03    0.10000E-02
   -0.89786E+00    0.21000E+02    0.10500E-02    0.20500E-02
   -0.89056E+00    0.47000E+02    0.23500E-02    0.44000E-02
   -0.88326E+00    0.10800E+03    0.54000E-02    0.98000E-02
   -0.87596E+00    0.20700E+03    0.10350E-01    0.20150E-01
   -0.86866E+00    0.36100E+03    0.18050E-01    0.38200E-01
   -0.86136E+00    0.64700E+03    0.32350E-01    0.70550E-01
   -0.85406E+00    0.83700E+03    0.41850E-01    0.11240E+00
   -0.84676E+00    0.11730E+04    0.58650E-01    0.17105E+00
   -0.83946E+00    0.15340E+04    0.76700E-01    0.24775E+00
   -0.83216E+00    0.18690E+04    0.93450E-01    0.34120E+00
   -0.82486E+00    0.20820E+04    0.10410E+00    0.44530E+00
   -0.81755E+00    0.21390E+04    0.10695E+00    0.55225E+00
   -0.81025E+00    0.20870E+04    0.10435E+00    0.65660E+00
   -0.80295E+00    0.17820E+04    0.89100E-01    0.74570E+00
   -0.79565E+00    0.15290E+04    0.76450E-01    0.82215E+00
   -0.78835E+00    0.12090E+04    0.60450E-01    0.88260E+00
   -0.78105E+00    0.85800E+03    0.42900E-01    0.92550E+00
   -0.77375E+00    0.59400E+03    0.29700E-01    0.95520E+00
   -0.76645E+00    0.40000E+03    0.20000E-01    0.97520E+00
   -0.75915E+00    0.23900E+03    0.11950E-01    0.98715E+00
   -0.75185E+00    0.13000E+03    0.65000E-02    0.99365E+00
   -0.74455E+00    0.60000E+02    0.30000E-02    0.99665E+00
   -0.73725E+00    0.31000E+02    0.15500E-02    0.99820E+00
   -0.72995E+00    0.26000E+02    0.13000E-02    0.99950E+00
   -0.72265E+00    0.40000E+01    0.20000E-03    0.99970E+00
   -0.71535E+00    0.40000E+01    0.20000E-03    0.99990E+00
   -0.70805E+00    0.00000E+00    0.00000E+00    0.99990E+00
   -0.70075E+00    0.20000E+01    0.10000E-03    0.10000E+01
