 >> Number of Processors =   8
 
    >>Normalized Constraint Values:
     0.18E+01
    -0.58E+00
    -0.22E+01
    -0.38E+01
    -0.14E+01
     0.18E+00
     0.67E+00
     0.30E+01
 
 
    >>Objective:       3.8284       0.0000       3.8285
 
 iter    objective      ||grad||        inf_pr          inf_du         lg(mu)
    0  0.3828453E+01  0.0000000E+00  0.3023513E+01  0.1158946E+01  0.1000000E+01
 
    >>Normalized Constraint Values:
     0.81E+00
    -0.58E+00
    -0.19E+01
    -0.28E+01
    -0.14E+01
    -0.57E-01
    -0.14E+00
     0.17E+01
 
 
    >>Objective:       4.5656       0.0000       4.5656
    1  0.4565649E+01  0.2073191E+01  0.1878221E+01  0.6235501E+01  0.2290589E+00
 
    >>Normalized Constraint Values:
     0.76E+00
    -0.58E+00
    -0.17E+01
    -0.28E+01
    -0.14E+01
    -0.30E+00
     0.74E-01
     0.12E+01
 
 
    >>Objective:       4.7828       0.0000       4.7828
    2  0.4782810E+01  0.8614122E+00  0.1519790E+01  0.6592623E+01  0.5415444E+00
 
    >>Normalized Constraint Values:
     0.38E+00
    -0.67E+00
    -0.15E+01
    -0.24E+01
    -0.13E+01
    -0.45E+00
    -0.17E+00
     0.76E+00
 
 
    >>Objective:       6.1943       0.0001       6.1944
    3  0.6194399E+01  0.1325918E+01  0.9008891E+00  0.4119236E+01  0.3694348E+00
 
    >>Normalized Constraint Values:
     0.17E+00
    -0.71E+00
    -0.14E+01
    -0.22E+01
    -0.13E+01
    -0.58E+00
    -0.25E+00
     0.42E+00
 
 
    >>Objective:       7.6018       0.0001       7.6019
    4  0.7601894E+01  0.8616941E+00  0.4246112E+00  0.2456579E+01  0.1151385E+00
 
    >>Normalized Constraint Values:
     0.38E-01
    -0.73E+00
    -0.12E+01
    -0.20E+01
    -0.13E+01
    -0.76E+00
    -0.21E+00
     0.13E+00
 
 
    >>Objective:       8.4460       0.0001       8.4461
    5  0.8446133E+01  0.9049024E+00  0.1949442E+00  0.5921733E+01  0.1004686E+00
 
    >>Normalized Constraint Values:
    -0.33E-02
    -0.73E+00
    -0.11E+01
    -0.20E+01
    -0.13E+01
    -0.84E+00
    -0.13E+00
     0.17E-01
 
 
    >>Objective:       8.5452       0.0001       8.5453
    6  0.8545347E+01  0.2344847E+00  0.1207210E+00  0.4292530E+01  0.9487609E-02
 
    >>Normalized Constraint Values:
    -0.41E-02
    -0.72E+00
    -0.11E+01
    -0.20E+01
    -0.13E+01
    -0.89E+00
    -0.67E-01
    -0.20E-02
 
 
    >>Objective:       8.1128       0.0001       8.1130
    7  0.8112955E+01  0.4241300E+00  0.6147363E-01  0.4901891E+01  0.7819692E-02
 
    >>Normalized Constraint Values:
    -0.33E-02
    -0.72E+00
    -0.11E+01
    -0.20E+01
    -0.13E+01
    -0.89E+00
    -0.56E-01
     0.31E-03
 
 
    >>Objective:       7.8110       0.0001       7.8111
    8  0.7811070E+01  0.4221444E+00  0.5548055E-01  0.4727272E+01  0.5504808E-02
 
    >>Normalized Constraint Values:
    -0.41E-02
    -0.73E+00
    -0.12E+01
    -0.20E+01
    -0.13E+01
    -0.72E+00
    -0.18E+00
     0.12E+00
 
 
    >>Objective:       6.9992       0.0001       6.9993
    9  0.6999297E+01  0.7504760E+00  0.1744489E+00  0.1265923E+02  0.5456402E-02
 
    >>Normalized Constraint Values:
    -0.42E-02
    -0.71E+00
    -0.11E+01
    -0.20E+01
    -0.13E+01
    -0.85E+00
    -0.60E-01
     0.33E-01
 
 
    >>Objective:       6.9472       0.0001       6.9472
   10  0.6947249E+01  0.9379628E-01  0.5802248E-01  0.1111746E+01  0.8768933E-02
 
    >>Normalized Constraint Values:
    -0.43E-03
    -0.70E+00
    -0.11E+01
    -0.20E+01
    -0.13E+01
    -0.88E+00
    -0.41E-02
    -0.40E-03
 
 
    >>Objective:       6.9087       0.0001       6.9088
   11  0.6908773E+01  0.4933723E-01  0.3913634E-02  0.7742991E+00  0.1778308E-02
 
    >>Normalized Constraint Values:
    -0.21E-04
    -0.70E+00
    -0.11E+01
    -0.20E+01
    -0.13E+01
    -0.87E+00
    -0.61E-02
     0.14E-02
 
 
    >>Objective:       6.8739       0.0001       6.8740
   12  0.6874041E+01  0.2916306E-01  0.6033361E-02  0.4772286E+00  0.8785776E-04
 
    >>Normalized Constraint Values:
    -0.45E-04
    -0.71E+00
    -0.11E+01
    -0.20E+01
    -0.13E+01
    -0.85E+00
    -0.80E-02
     0.22E-02
 
 
    >>Objective:       6.8508       0.0001       6.8509
   13  0.6850852E+01  0.2845821E-01  0.8039524E-02  0.2675015E+00  0.5542690E-05
 
    >>Normalized Constraint Values:
    -0.19E-04
    -0.70E+00
    -0.11E+01
    -0.20E+01
    -0.13E+01
    -0.86E+00
    -0.32E-02
     0.27E-03
 
 
    >>Objective:       6.8360       0.0001       6.8361
   14  0.6836096E+01  0.8167269E-02  0.3246899E-02  0.2487673E+00  0.3378569E-05
 
    >>Normalized Constraint Values:
    -0.20E-05
    -0.70E+00
    -0.11E+01
    -0.20E+01
    -0.13E+01
    -0.86E+00
    -0.20E-02
     0.14E-03
 
 
    >>Objective:       6.8265       0.0001       6.8266
   15  0.6826636E+01  0.5602428E-02  0.2029785E-02  0.1813397E+00  0.1062580E-06
 
    >>Normalized Constraint Values:
    -0.18E-05
    -0.70E+00
    -0.11E+01
    -0.20E+01
    -0.13E+01
    -0.86E+00
    -0.15E-02
     0.11E-03
 
 
    >>Objective:       6.8203       0.0001       6.8204
   16  0.6820441E+01  0.4244825E-02  0.1470194E-02  0.1693800E+00  0.2852988E-08
 
    >>Normalized Constraint Values:
    -0.53E-04
    -0.70E+00
    -0.11E+01
    -0.20E+01
    -0.13E+01
    -0.85E+00
    -0.54E-02
     0.20E-02
 
 
    >>Objective:       6.8137       0.0001       6.8138
   17  0.6813772E+01  0.2300475E-01  0.5388149E-02  0.5238473E+00  0.4943039E-09
 
    >>Normalized Constraint Values:
    -0.73E-04
    -0.70E+00
    -0.11E+01
    -0.20E+01
    -0.13E+01
    -0.86E+00
    -0.12E-02
     0.11E-02
 
 
    >>Objective:       6.8012       0.0001       6.8013
   18  0.6801333E+01  0.2276015E-01  0.1224150E-02  0.2086459E+00  0.1992216E-09
 
    >>Normalized Constraint Values:
     0.24E-06
    -0.70E+00
    -0.11E+01
    -0.20E+01
    -0.13E+01
    -0.86E+00
    -0.33E-03
     0.79E-04
 
 
    >>Objective:       6.8023       0.0001       6.8024
   19  0.6802364E+01  0.4279200E-02  0.3326905E-03  0.2066303E-01  0.1000000E-10
 
    >>Normalized Constraint Values:
     0.78E-06
    -0.70E+00
    -0.11E+01
    -0.20E+01
    -0.13E+01
    -0.86E+00
    -0.35E-03
     0.45E-04
 
 
    >>Objective:       6.8016       0.0001       6.8017
   20  0.6801673E+01  0.1304034E-02  0.3518331E-03  0.2059459E-01  0.1000000E-10
 
    >>Normalized Constraint Values:
    -0.51E-06
    -0.70E+00
    -0.11E+01
    -0.20E+01
    -0.13E+01
    -0.86E+00
    -0.20E-03
     0.20E-04
 
 
    >>Objective:       6.8007       0.0001       6.8008
   21  0.6800750E+01  0.4870702E-03  0.1992545E-03  0.7148153E-02  0.1000000E-10
 
 The solution was found.
 
 The final value of the objective function is    6.80075038917880     
 
 The optimal values of X are:
 
 X  (           1 ) =    3.98923147173105      in^2
 X  (           2 ) =   0.000000000000000E+000 in^2
 X  (           3 ) =   0.767954287827906      in^2
 X  (           4 ) =    46.3345116457368      deg
 X  (           5 ) =    63.5577555955359      deg
 X  (           6 ) =    143.330926431389      deg
 
 The multipliers for the equality constraints are:
 
 LAM(           1 ) =    4.70932990775903     
 LAM(           2 ) =   1.420842041186909E-011
 LAM(           3 ) =   9.058145504695217E-012
 LAM(           4 ) =   5.002082890938678E-012
 LAM(           5 ) =   7.752792797815744E-012
 LAM(           6 ) =   1.163409606540366E-011
 LAM(           7 ) =    3.28143362597980     
 LAM(           8 ) =    5.39494807414247     
 
 Weight and its variance:   6.80065741619681       9.297298199584247E-005
