 >> Number of Processors =   4
 
    >>Normalized Constraint Values:
     0.18E+01     0.52E-01     0.19E+01
    -0.59E+00     0.11E-01    -0.57E+00
    -0.22E+01     0.27E-01    -0.21E+01
    -0.38E+01     0.52E-01    -0.38E+01
    -0.14E+01     0.11E-01    -0.14E+01
     0.17E+00     0.27E-01     0.20E+00
     0.66E+00     0.52E-01     0.71E+00
     0.30E+01     0.68E-01     0.31E+01
 
 
    >>Objective:       3.8298       0.0012       3.8311
    >>Robustness factor:       0.0091
 
 iter    objective      ||grad||        inf_pr          inf_du         lg(mu)
    0  0.3831074E+01  0.0000000E+00  0.3080757E+01  0.1126425E+01  0.1000000E+01
 
    >>Normalized Constraint Values:
     0.81E+00     0.92E-02     0.82E+00
    -0.57E+00     0.65E-02    -0.57E+00
    -0.18E+01     0.51E-01    -0.18E+01
    -0.28E+01     0.92E-02    -0.28E+01
    -0.14E+01     0.65E-02    -0.14E+01
    -0.16E+00     0.51E-01    -0.11E+00
    -0.47E-01     0.59E-01     0.12E-01
     0.15E+01     0.85E-01     0.16E+01
 
 
    >>Objective:       4.6386       0.0044       4.6431
    >>Robustness factor:       0.0143
    1  0.4643053E+01  0.2108755E+01  0.1824793E+01  0.6062426E+01  0.2537974E+00
 
    >>Normalized Constraint Values:
     0.99E+00     0.28E-01     0.10E+01
    -0.78E+00     0.12E-01    -0.77E+00
    -0.17E+01     0.40E-01    -0.16E+01
    -0.30E+01     0.28E-01    -0.30E+01
    -0.12E+01     0.12E-01    -0.12E+01
    -0.32E+00     0.40E-01    -0.28E+00
    -0.14E+00     0.23E-01    -0.11E+00
     0.20E+01     0.10E+00     0.21E+01
 
 
    >>Objective:       5.2686       0.0012       5.2699
    >>Robustness factor:       0.0067
    2  0.5269862E+01  0.8282495E+01  0.3116795E+01  0.2714522E+02  0.8133241E+01
 
    >>Normalized Constraint Values:
     0.36E+00     0.80E-02     0.37E+00
    -0.66E+00     0.40E-02    -0.65E+00
    -0.13E+01     0.22E-01    -0.13E+01
    -0.24E+01     0.81E-02    -0.24E+01
    -0.13E+01     0.40E-02    -0.13E+01
    -0.68E+00     0.22E-01    -0.66E+00
     0.15E-01     0.26E-01     0.42E-01
     0.48E+00     0.32E-01     0.51E+00
 
 
    >>Objective:       7.5609       0.0087       7.5696
    >>Robustness factor:       0.0123
    3  0.7569642E+01  0.8773959E+00  0.1756400E+01  0.2027990E+02  0.2342980E+01
 
    >>Normalized Constraint Values:
     0.28E+00     0.79E-02     0.29E+00
    -0.69E+00     0.24E-02    -0.69E+00
    -0.14E+01     0.21E-01    -0.13E+01
    -0.23E+01     0.79E-02    -0.23E+01
    -0.13E+01     0.24E-02    -0.13E+01
    -0.64E+00     0.21E-01    -0.62E+00
    -0.13E+00     0.16E-01    -0.12E+00
     0.46E+00     0.36E-01     0.49E+00
 
 
    >>Objective:       8.1993       0.0098       8.2091
    >>Robustness factor:       0.0121
    4  0.8209104E+01  0.1685909E+01  0.7908212E+00  0.5062395E+01  0.1386544E+01
 
    >>Normalized Constraint Values:
     0.45E-01     0.65E-02     0.52E-01
    -0.75E+00     0.20E-02    -0.75E+00
    -0.13E+01     0.15E-01    -0.12E+01
    -0.20E+01     0.65E-02    -0.20E+01
    -0.13E+01     0.20E-02    -0.13E+01
    -0.74E+00     0.15E-01    -0.73E+00
    -0.26E+00     0.12E-01    -0.25E+00
     0.13E+00     0.27E-01     0.16E+00
 
 
    >>Objective:      11.1581       0.0218      11.1800
    >>Robustness factor:       0.0132
    5  0.1117998E+02  0.1479044E+01  0.2304873E+00  0.9355461E+01  0.4559498E+00
 
    >>Normalized Constraint Values:
    -0.48E-01     0.48E-02    -0.43E-01
    -0.78E+00     0.51E-02    -0.78E+00
    -0.12E+01     0.14E-01    -0.12E+01
    -0.20E+01     0.48E-02    -0.19E+01
    -0.12E+01     0.51E-02    -0.12E+01
    -0.77E+00     0.14E-01    -0.76E+00
    -0.26E+00     0.21E-01    -0.24E+00
    -0.45E-01     0.22E-01    -0.23E-01
 
 
    >>Objective:      13.1957       0.0655      13.2612
    >>Robustness factor:       0.0194
    6  0.1326120E+02  0.3448627E+00  0.1837750E+00  0.3252646E+02  0.9531487E+00
 
    >>Normalized Constraint Values:
    -0.70E-01     0.38E-02    -0.66E-01
    -0.77E+00     0.59E-02    -0.76E+00
    -0.12E+01     0.15E-01    -0.12E+01
    -0.19E+01     0.38E-02    -0.19E+01
    -0.12E+01     0.59E-02    -0.12E+01
    -0.82E+00     0.15E-01    -0.81E+00
    -0.21E+00     0.26E-01    -0.18E+00
    -0.96E-01     0.19E-01    -0.77E-01
 
 
    >>Objective:      12.3138       0.0390      12.3528
    >>Robustness factor:       0.0160
    7  0.1235277E+02  0.2887743E+00  0.7025252E-01  0.7981034E+01  0.3432589E+00
 
    >>Normalized Constraint Values:
    -0.36E-01     0.20E-02    -0.34E-01
    -0.74E+00     0.50E-02    -0.73E+00
    -0.11E+01     0.26E-01    -0.11E+01
    -0.20E+01     0.20E-02    -0.20E+01
    -0.13E+01     0.50E-02    -0.13E+01
    -0.86E+00     0.26E-01    -0.83E+00
    -0.15E+00     0.40E-01    -0.11E+00
    -0.24E-01     0.26E-01     0.21E-02
 
 
    >>Objective:       9.2286       0.0128       9.2414
    >>Robustness factor:       0.0123
    8  0.9241403E+01  0.1464129E+01  0.2515645E-01  0.1473220E+01  0.2649639E+00
 
    >>Normalized Constraint Values:
    -0.37E-01     0.11E-02    -0.36E-01
    -0.73E+00     0.74E-02    -0.72E+00
    -0.11E+01     0.38E-01    -0.11E+01
    -0.20E+01     0.11E-02    -0.20E+01
    -0.13E+01     0.74E-02    -0.13E+01
    -0.89E+00     0.38E-01    -0.85E+00
    -0.10E+00     0.57E-01    -0.43E-01
    -0.33E-01     0.35E-01     0.20E-02
 
 
    >>Objective:       8.2826       0.0109       8.2935
    >>Robustness factor:       0.0126
    9  0.8293451E+01  0.1328504E+01  0.4189603E-01  0.1664930E+01  0.3938907E-01
 
    >>Normalized Constraint Values:
    -0.95E-02     0.15E-02    -0.80E-02
    -0.71E+00     0.10E-01    -0.70E+00
    -0.11E+01     0.57E-01    -0.10E+01
    -0.20E+01     0.15E-02    -0.20E+01
    -0.13E+01     0.10E-01    -0.13E+01
    -0.92E+00     0.57E-01    -0.87E+00
    -0.17E-01     0.83E-01     0.66E-01
    -0.45E-01     0.52E-01     0.79E-02
 
 
    >>Objective:       7.5317       0.0104       7.5421
    >>Robustness factor:       0.0135
   10  0.7542134E+01  0.9387675E+00  0.6688774E-01  0.1744370E+01  0.2884272E-02
 
    >>Normalized Constraint Values:
    -0.15E-01     0.18E-02    -0.13E-01
    -0.72E+00     0.94E-02    -0.71E+00
    -0.11E+01     0.45E-01    -0.11E+01
    -0.20E+01     0.18E-02    -0.20E+01
    -0.13E+01     0.94E-02    -0.13E+01
    -0.90E+00     0.45E-01    -0.85E+00
    -0.39E-01     0.70E-01     0.31E-01
    -0.61E-01     0.43E-01    -0.18E-01
 
 
    >>Objective:       8.1027       0.0115       8.1142
    >>Robustness factor:       0.0132
   11  0.8114218E+01  0.3654704E+00  0.3473502E-01  0.2153156E+01  0.1927902E-01
 
    >>Normalized Constraint Values:
    -0.15E-01     0.35E-02    -0.12E-01
    -0.73E+00     0.11E-01    -0.72E+00
    -0.12E+01     0.54E-01    -0.12E+01
    -0.20E+01     0.35E-02    -0.20E+01
    -0.13E+01     0.11E-01    -0.13E+01
    -0.78E+00     0.54E-01    -0.73E+00
    -0.14E+00     0.90E-01    -0.50E-01
     0.43E-02     0.72E-01     0.77E-01
 
 
    >>Objective:       7.8923       0.0126       7.9050
    >>Robustness factor:       0.0142
   12  0.7904983E+01  0.5046760E+00  0.7706454E-01  0.1339246E+02  0.1233566E-01
 
    >>Normalized Constraint Values:
    -0.62E-02     0.32E-02    -0.30E-02
    -0.72E+00     0.11E-01    -0.71E+00
    -0.12E+01     0.51E-01    -0.11E+01
    -0.20E+01     0.32E-02    -0.20E+01
    -0.13E+01     0.11E-01    -0.13E+01
    -0.84E+00     0.51E-01    -0.79E+00
    -0.54E-01     0.86E-01     0.32E-01
    -0.52E-01     0.61E-01     0.91E-02
 
 
    >>Objective:       7.9518       0.0123       7.9641
    >>Robustness factor:       0.0140
   13  0.7964085E+01  0.7997164E-01  0.3416013E-01  0.2881733E+01  0.8540471E-02
 
    >>Normalized Constraint Values:
    -0.27E-02     0.25E-02    -0.19E-03
    -0.71E+00     0.10E-01    -0.70E+00
    -0.11E+01     0.48E-01    -0.11E+01
    -0.20E+01     0.25E-02    -0.20E+01
    -0.13E+01     0.10E-01    -0.13E+01
    -0.86E+00     0.48E-01    -0.81E+00
    -0.47E-01     0.77E-01     0.31E-01
    -0.47E-01     0.52E-01     0.45E-02
 
 
    >>Objective:       7.9631       0.0116       7.9748
    >>Robustness factor:       0.0135
   14  0.7974770E+01  0.1262200E+00  0.3107722E-01  0.1320224E+01  0.3283656E-02
 
    >>Normalized Constraint Values:
    -0.26E-02     0.24E-02    -0.20E-03
    -0.71E+00     0.97E-02    -0.71E+00
    -0.11E+01     0.44E-01    -0.11E+01
    -0.20E+01     0.24E-02    -0.20E+01
    -0.13E+01     0.97E-02    -0.13E+01
    -0.87E+00     0.44E-01    -0.82E+00
    -0.47E-01     0.71E-01     0.24E-01
    -0.50E-01     0.46E-01    -0.41E-02
 
 
    >>Objective:       8.1460       0.0120       8.1580
    >>Robustness factor:       0.0135
   15  0.8158019E+01  0.1292072E+00  0.2446197E-01  0.2789246E+00  0.8796608E-03
 
    >>Normalized Constraint Values:
    -0.22E-02     0.23E-02     0.36E-04
    -0.72E+00     0.90E-02    -0.71E+00
    -0.11E+01     0.42E-01    -0.11E+01
    -0.20E+01     0.23E-02    -0.20E+01
    -0.13E+01     0.90E-02    -0.13E+01
    -0.86E+00     0.42E-01    -0.82E+00
    -0.55E-01     0.68E-01     0.13E-01
    -0.46E-01     0.44E-01    -0.24E-02
 
 
    >>Objective:       8.2317       0.0121       8.2438
    >>Robustness factor:       0.0134
   16  0.8243790E+01  0.7038003E-01  0.1312827E-01  0.3993857E+00  0.7246854E-04
 
    >>Normalized Constraint Values:
    -0.21E-02     0.21E-02    -0.12E-04
    -0.72E+00     0.89E-02    -0.71E+00
    -0.11E+01     0.41E-01    -0.11E+01
    -0.20E+01     0.21E-02    -0.20E+01
    -0.13E+01     0.89E-02    -0.13E+01
    -0.87E+00     0.41E-01    -0.83E+00
    -0.58E-01     0.65E-01     0.70E-02
    -0.43E-01     0.42E-01    -0.13E-02
 
 
    >>Objective:       8.2769       0.0120       8.2889
    >>Robustness factor:       0.0133
   17  0.8288931E+01  0.4790940E-01  0.6999400E-02  0.2890743E+00  0.3898884E-04
 
    >>Normalized Constraint Values:
    -0.22E-02     0.22E-02    -0.17E-05
    -0.72E+00     0.87E-02    -0.71E+00
    -0.11E+01     0.40E-01    -0.11E+01
    -0.20E+01     0.22E-02    -0.20E+01
    -0.13E+01     0.87E-02    -0.13E+01
    -0.86E+00     0.40E-01    -0.82E+00
    -0.63E-01     0.65E-01     0.23E-02
    -0.42E-01     0.42E-01    -0.12E-03
 
 
    >>Objective:       8.3007       0.0123       8.3129
    >>Robustness factor:       0.0133
   18  0.8312940E+01  0.6965751E-02  0.2344077E-02  0.1059646E+00  0.7311409E-05
 
    >>Normalized Constraint Values:
    -0.22E-02     0.22E-02     0.36E-05
    -0.72E+00     0.87E-02    -0.71E+00
    -0.11E+01     0.40E-01    -0.11E+01
    -0.20E+01     0.22E-02    -0.20E+01
    -0.13E+01     0.87E-02    -0.13E+01
    -0.86E+00     0.40E-01    -0.82E+00
    -0.64E-01     0.65E-01     0.15E-02
    -0.42E-01     0.42E-01    -0.27E-03
 
 
    >>Objective:       8.3126       0.0123       8.3250
    >>Robustness factor:       0.0134
   19  0.8324953E+01  0.8013891E-02  0.1481832E-02  0.4459120E-01  0.2029072E-06
 
    >>Normalized Constraint Values:
    -0.20E-02     0.16E-02    -0.30E-03
    -0.71E+00     0.10E-01    -0.70E+00
    -0.11E+01     0.39E-01    -0.11E+01
    -0.20E+01     0.17E-02    -0.20E+01
    -0.13E+01     0.10E-01    -0.13E+01
    -0.88E+00     0.39E-01    -0.85E+00
    -0.59E-01     0.61E-01     0.16E-02
    -0.34E-01     0.37E-01     0.27E-02
 
 
    >>Objective:       8.3209       0.0116       8.3325
    >>Robustness factor:       0.0130
 
    >>Normalized Constraint Values:
    -0.16E-02     0.17E-02     0.90E-04
    -0.71E+00     0.11E-01    -0.70E+00
    -0.11E+01     0.38E-01    -0.11E+01
    -0.20E+01     0.17E-02    -0.20E+01
    -0.13E+01     0.11E-01    -0.13E+01
    -0.88E+00     0.38E-01    -0.84E+00
    -0.57E-01     0.61E-01     0.40E-02
    -0.38E-01     0.37E-01    -0.84E-03
 
 
    >>Objective:       8.3567       0.0118       8.3685
    >>Robustness factor:       0.0130
 
    >>Normalized Constraint Values:
    -0.17E-02     0.17E-02     0.15E-04
    -0.72E+00     0.11E-01    -0.70E+00
    -0.11E+01     0.38E-01    -0.11E+01
    -0.20E+01     0.17E-02    -0.20E+01
    -0.13E+01     0.11E-01    -0.13E+01
    -0.88E+00     0.38E-01    -0.84E+00
    -0.59E-01     0.60E-01     0.17E-02
    -0.37E-01     0.37E-01    -0.62E-04
 
 
    >>Objective:       8.3696       0.0119       8.3815
    >>Robustness factor:       0.0130
 
    >>Normalized Constraint Values:
    -0.17E-02     0.17E-02     0.14E-04
    -0.72E+00     0.11E-01    -0.70E+00
    -0.11E+01     0.38E-01    -0.11E+01
    -0.20E+01     0.17E-02    -0.20E+01
    -0.13E+01     0.11E-01    -0.13E+01
    -0.88E+00     0.38E-01    -0.84E+00
    -0.59E-01     0.60E-01     0.10E-02
    -0.37E-01     0.37E-01    -0.17E-03
 
 
    >>Objective:       8.3782       0.0119       8.3901
    >>Robustness factor:       0.0130
   20  0.8390080E+01  0.1179164E+00  0.1028544E-02  0.1988456E+01  0.6303570E-06
 
    >>Normalized Constraint Values:
    -0.23E-02     0.21E-02    -0.20E-03
    -0.72E+00     0.81E-02    -0.71E+00
    -0.11E+01     0.40E-01    -0.11E+01
    -0.20E+01     0.21E-02    -0.20E+01
    -0.13E+01     0.81E-02    -0.13E+01
    -0.86E+00     0.40E-01    -0.82E+00
    -0.73E-01     0.64E-01    -0.89E-02
    -0.36E-01     0.42E-01     0.56E-02
 
 
    >>Objective:       8.3159       0.0121       8.3280
    >>Robustness factor:       0.0132
   21  0.8328013E+01  0.1560504E+00  0.8944085E-02  0.7050552E+00  0.1097179E-06
 
    >>Normalized Constraint Values:
    -0.22E-02     0.22E-02     0.15E-04
    -0.72E+00     0.87E-02    -0.71E+00
    -0.11E+01     0.40E-01    -0.11E+01
    -0.20E+01     0.22E-02    -0.20E+01
    -0.13E+01     0.87E-02    -0.13E+01
    -0.86E+00     0.40E-01    -0.82E+00
    -0.65E-01     0.64E-01    -0.42E-03
    -0.42E-01     0.42E-01     0.59E-04
 
 
    >>Objective:       8.3280       0.0123       8.3402
    >>Robustness factor:       0.0133
   22  0.8340240E+01  0.2643170E-01  0.4248123E-03  0.6817648E+00  0.8108113E-07
 
    >>Normalized Constraint Values:
    -0.22E-02     0.22E-02    -0.73E-05
    -0.72E+00     0.87E-02    -0.71E+00
    -0.11E+01     0.40E-01    -0.11E+01
    -0.20E+01     0.22E-02    -0.20E+01
    -0.13E+01     0.88E-02    -0.13E+01
    -0.86E+00     0.40E-01    -0.82E+00
    -0.65E-01     0.65E-01    -0.37E-03
    -0.42E-01     0.42E-01     0.47E-04
 
 
    >>Objective:       8.3262       0.0123       8.3384
    >>Robustness factor:       0.0133
   23  0.8338447E+01  0.2746871E-02  0.3738147E-03  0.1028611E+00  0.1943339E-07
 
    >>Normalized Constraint Values:
    -0.22E-02     0.22E-02     0.33E-05
    -0.72E+00     0.86E-02    -0.71E+00
    -0.11E+01     0.40E-01    -0.11E+01
    -0.20E+01     0.22E-02    -0.20E+01
    -0.13E+01     0.86E-02    -0.13E+01
    -0.86E+00     0.40E-01    -0.82E+00
    -0.66E-01     0.65E-01    -0.59E-03
    -0.42E-01     0.42E-01     0.21E-03
 
 
    >>Objective:       8.3243       0.0123       8.3366
    >>Robustness factor:       0.0133
   24  0.8336618E+01  0.1083674E-01  0.5884816E-03  0.4756269E+00  0.5363542E-09
 
    >>Normalized Constraint Values:
    -0.22E-02     0.22E-02    -0.65E-05
    -0.72E+00     0.87E-02    -0.71E+00
    -0.11E+01     0.40E-01    -0.11E+01
    -0.20E+01     0.22E-02    -0.20E+01
    -0.13E+01     0.86E-02    -0.13E+01
    -0.86E+00     0.40E-01    -0.82E+00
    -0.65E-01     0.65E-01     0.89E-04
    -0.42E-01     0.42E-01     0.21E-04
 
 
    >>Objective:       8.3231       0.0123       8.3355
    >>Robustness factor:       0.0133
   25  0.8335463E+01  0.4411889E-02  0.8932269E-04  0.6227519E-01  0.4511989E-09
 
    >>Normalized Constraint Values:
    -0.22E-02     0.22E-02    -0.15E-05
    -0.72E+00     0.87E-02    -0.71E+00
    -0.11E+01     0.40E-01    -0.11E+01
    -0.20E+01     0.22E-02    -0.20E+01
    -0.13E+01     0.87E-02    -0.13E+01
    -0.86E+00     0.40E-01    -0.82E+00
    -0.64E-01     0.65E-01     0.19E-03
    -0.42E-01     0.42E-01    -0.10E-03
 
 
    >>Objective:       8.3239       0.0122       8.3361
    >>Robustness factor:       0.0133
 
    >>Normalized Constraint Values:
    -0.22E-02     0.22E-02     0.55E-05
    -0.72E+00     0.87E-02    -0.71E+00
    -0.11E+01     0.40E-01    -0.11E+01
    -0.20E+01     0.22E-02    -0.20E+01
    -0.13E+01     0.87E-02    -0.13E+01
    -0.86E+00     0.40E-01    -0.82E+00
    -0.65E-01     0.65E-01     0.55E-04
    -0.42E-01     0.42E-01    -0.28E-04
 
 
    >>Objective:       8.3238       0.0123       8.3361
    >>Robustness factor:       0.0133
   26  0.8336075E+01  0.5125501E-02  0.5540102E-04  0.5114977E-01  0.1333980E-10
 
    >>Normalized Constraint Values:
    -0.22E-02     0.22E-02    -0.22E-05
    -0.72E+00     0.87E-02    -0.71E+00
    -0.11E+01     0.40E-01    -0.11E+01
    -0.20E+01     0.22E-02    -0.20E+01
    -0.13E+01     0.87E-02    -0.13E+01
    -0.86E+00     0.40E-01    -0.82E+00
    -0.65E-01     0.65E-01    -0.14E-03
    -0.42E-01     0.42E-01     0.15E-04
 
 
    >>Objective:       8.3237       0.0123       8.3360
    >>Robustness factor:       0.0133
   27  0.8336013E+01  0.2690536E-02  0.1415050E-03  0.6824753E-02  0.1000000E-10
 
    >>Normalized Constraint Values:
    -0.22E-02     0.22E-02     0.69E-06
    -0.72E+00     0.87E-02    -0.71E+00
    -0.11E+01     0.40E-01    -0.11E+01
    -0.20E+01     0.22E-02    -0.20E+01
    -0.13E+01     0.87E-02    -0.13E+01
    -0.86E+00     0.40E-01    -0.82E+00
    -0.65E-01     0.65E-01     0.43E-04
    -0.42E-01     0.42E-01     0.36E-04
 
 
    >>Objective:       8.3231       0.0123       8.3354
    >>Robustness factor:       0.0133
   28  0.8335416E+01  0.5223447E-03  0.4281884E-04  0.3178493E-01  0.1000000E-10
 
 The solution was found.
 
 The final value of the objective function is    8.33541582843225     
 
 The optimal values of X are:
 
 X  (           1 ) =    3.97615890946492      in^2
 X  (           2 ) =   0.000000000000000E+000 in^2
 X  (           3 ) =    1.73982145218604      in^2
 X  (           4 ) =    48.4395429634402      deg
 X  (           5 ) =    62.6597500203651      deg
 X  (           6 ) =    144.619149762549      deg
 
 The multipliers for the equality constraints are:
 
 LAM(           1 ) =    2.64211936721759     
 LAM(           2 ) =   1.410044525574638E-011
 LAM(           3 ) =   9.102156647591745E-012
 LAM(           4 ) =   5.010924637265406E-012
 LAM(           5 ) =   7.852609595270105E-012
 LAM(           6 ) =   1.217614353990212E-011
 LAM(           7 ) =    5.74985722457847     
 LAM(           8 ) =    11.5727805253184     
 
 Weight and its variance:   8.32310077991191       1.231504852033538E-002
