 >> Number of Processors =   8
 
    >>Normalized Constraint Values:
     0.18E+01
    -0.58E+00
    -0.22E+01
    -0.38E+01
    -0.14E+01
     0.18E+00
     0.67E+00
     0.30E+01
 
 
    >>Objective:       3.8284       0.0000       3.8284
 
 iter    objective      ||grad||        inf_pr          inf_du         lg(mu)
    0  0.3828448E+01  0.0000000E+00  0.3030180E+01  0.1154650E+01  0.1000000E+01
 
    >>Normalized Constraint Values:
     0.81E+00
    -0.58E+00
    -0.19E+01
    -0.28E+01
    -0.14E+01
    -0.64E-01
    -0.12E+00
     0.16E+01
 
 
    >>Objective:       4.5753       0.0000       4.5753
    1  0.4575292E+01  0.2078062E+01  0.1870439E+01  0.6198300E+01  0.2327179E+00
 
    >>Normalized Constraint Values:
     0.76E+00
    -0.57E+00
    -0.17E+01
    -0.28E+01
    -0.14E+01
    -0.31E+00
     0.90E-01
     0.12E+01
 
 
    >>Objective:       4.8024       0.0000       4.8024
    2  0.4802424E+01  0.8669094E+00  0.1507928E+01  0.6319530E+01  0.5433985E+00
 
    >>Normalized Constraint Values:
     0.38E+00
    -0.67E+00
    -0.15E+01
    -0.24E+01
    -0.13E+01
    -0.45E+00
    -0.16E+00
     0.76E+00
 
 
    >>Objective:       6.2073       0.0001       6.2073
    3  0.6207304E+01  0.1341602E+01  0.8959702E+00  0.4409142E+01  0.3651143E+00
 
    >>Normalized Constraint Values:
     0.17E+00
    -0.72E+00
    -0.14E+01
    -0.22E+01
    -0.13E+01
    -0.59E+00
    -0.24E+00
     0.41E+00
 
 
    >>Objective:       7.7145       0.0001       7.7146
    4  0.7714618E+01  0.8610807E+00  0.4093339E+00  0.2643175E+01  0.1110246E+00
 
    >>Normalized Constraint Values:
     0.37E-01
    -0.73E+00
    -0.12E+01
    -0.20E+01
    -0.13E+01
    -0.75E+00
    -0.21E+00
     0.13E+00
 
 
    >>Objective:       8.5322       0.0001       8.5323
    5  0.8532328E+01  0.8906965E+00  0.1909544E+00  0.5874032E+01  0.9980807E-01
 
    >>Normalized Constraint Values:
    -0.11E-01
    -0.73E+00
    -0.11E+01
    -0.20E+01
    -0.13E+01
    -0.85E+00
    -0.12E+00
     0.41E-02
 
 
    >>Objective:       8.7213       0.0001       8.7214
    6  0.8721391E+01  0.1810620E+00  0.1121195E+00  0.4189409E+01  0.3136867E-01
 
    >>Normalized Constraint Values:
    -0.87E-02
    -0.72E+00
    -0.11E+01
    -0.20E+01
    -0.13E+01
    -0.90E+00
    -0.49E-01
    -0.66E-02
 
 
    >>Objective:       8.1685       0.0001       8.1686
    7  0.8168641E+01  0.4148129E+00  0.3967452E-01  0.4632198E+01  0.2251094E-01
 
    >>Normalized Constraint Values:
    -0.58E-02
    -0.71E+00
    -0.11E+01
    -0.20E+01
    -0.13E+01
    -0.90E+00
    -0.33E-01
    -0.19E-02
 
 
    >>Objective:       7.7969       0.0001       7.7970
    8  0.7796958E+01  0.6945056E+00  0.3326530E-01  0.4966366E+01  0.1567141E-02
 
    >>Normalized Constraint Values:
    -0.15E-02
    -0.71E+00
    -0.11E+01
    -0.20E+01
    -0.13E+01
    -0.87E+00
    -0.33E-01
     0.12E-01
 
 
    >>Objective:       7.3224       0.0001       7.3225
    9  0.7322454E+01  0.3579500E+00  0.3223852E-01  0.1708952E+01  0.2789775E-02
 
    >>Normalized Constraint Values:
    -0.71E-03
    -0.71E+00
    -0.11E+01
    -0.20E+01
    -0.13E+01
    -0.83E+00
    -0.35E-01
     0.16E-01
 
 
    >>Objective:       7.1683       0.0001       7.1684
   10  0.7168351E+01  0.1528144E+00  0.3401826E-01  0.1555171E+01  0.2741016E-02
 
    >>Normalized Constraint Values:
    -0.37E-03
    -0.71E+00
    -0.11E+01
    -0.20E+01
    -0.13E+01
    -0.86E+00
    -0.87E-02
     0.23E-02
 
 
    >>Objective:       7.1341       0.0001       7.1342
   11  0.7134189E+01  0.2921859E-01  0.8447372E-02  0.6778348E+00  0.6732502E-03
 
    >>Normalized Constraint Values:
    -0.17E-04
    -0.71E+00
    -0.11E+01
    -0.20E+01
    -0.13E+01
    -0.86E+00
    -0.41E-02
     0.52E-03
 
 
    >>Objective:       7.1100       0.0001       7.1101
   12  0.7110138E+01  0.2045865E-01  0.4056819E-02  0.4900521E+00  0.8240073E-04
 
    >>Normalized Constraint Values:
    -0.58E-04
    -0.71E+00
    -0.11E+01
    -0.20E+01
    -0.13E+01
    -0.84E+00
    -0.69E-02
     0.21E-02
 
 
    >>Objective:       7.0901       0.0001       7.0902
   13  0.7090150E+01  0.2862375E-01  0.6856470E-02  0.2607628E+00  0.6261884E-04
 
    >>Normalized Constraint Values:
    -0.38E-04
    -0.71E+00
    -0.11E+01
    -0.20E+01
    -0.13E+01
    -0.85E+00
    -0.20E-02
     0.42E-03
 
 
    >>Objective:       7.0760       0.0001       7.0761
   14  0.7076131E+01  0.1297760E-01  0.2025452E-02  0.2230162E+00  0.9070380E-05
 
    >>Normalized Constraint Values:
     0.72E-07
    -0.71E+00
    -0.11E+01
    -0.20E+01
    -0.13E+01
    -0.85E+00
    -0.13E-02
     0.18E-03
 
 
    >>Objective:       7.0705       0.0001       7.0706
   15  0.7070618E+01  0.5596109E-02  0.1319087E-02  0.1296976E+00  0.2622398E-06
 
    >>Normalized Constraint Values:
    -0.45E-07
    -0.71E+00
    -0.11E+01
    -0.20E+01
    -0.13E+01
    -0.85E+00
    -0.14E-02
     0.21E-03
 
 
    >>Objective:       7.0664       0.0001       7.0665
   16  0.7066467E+01  0.5786683E-02  0.1355229E-02  0.5233168E-01  0.5155153E-08
 
    >>Normalized Constraint Values:
    -0.22E-05
    -0.71E+00
    -0.11E+01
    -0.20E+01
    -0.13E+01
    -0.85E+00
    -0.63E-03
     0.77E-05
 
 
    >>Objective:       7.0626       0.0001       7.0627
   17  0.7062707E+01  0.1920803E-02  0.6253651E-03  0.4520258E-01  0.4180956E-09
 
    >>Normalized Constraint Values:
    -0.42E-06
    -0.71E+00
    -0.11E+01
    -0.20E+01
    -0.13E+01
    -0.85E+00
    -0.45E-03
     0.69E-04
 
 
    >>Objective:       7.0603       0.0001       7.0604
   18  0.7060388E+01  0.1515527E-02  0.4473363E-03  0.3705369E-01  0.1000000E-10
 
    >>Normalized Constraint Values:
    -0.69E-06
    -0.71E+00
    -0.11E+01
    -0.20E+01
    -0.13E+01
    -0.85E+00
    -0.90E-03
     0.15E-03
 
 
    >>Objective:       7.0590       0.0001       7.0591
   19  0.7059062E+01  0.4400021E-02  0.9048104E-03  0.2885716E+00  0.1000000E-10
 
    >>Normalized Constraint Values:
    -0.53E-05
    -0.71E+00
    -0.11E+01
    -0.20E+01
    -0.13E+01
    -0.85E+00
    -0.44E-04
     0.39E-04
 
 
    >>Objective:       7.0562       0.0001       7.0563
   20  0.7056342E+01  0.4284097E-02  0.4428610E-04  0.1218347E-01  0.1000000E-10
 
    >>Normalized Constraint Values:
     0.16E-05
    -0.71E+00
    -0.11E+01
    -0.20E+01
    -0.13E+01
    -0.85E+00
    -0.88E-04
    -0.20E-04
 
 
    >>Objective:       7.0563       0.0001       7.0564
   21  0.7056401E+01  0.5515099E-03  0.8763612E-04  0.4259702E-02  0.1000000E-10
 
 The solution was found.
 
 The final value of the objective function is    7.05640079007669     
 
 The optimal values of X are:
 
 X  (           1 ) =    3.98646283278170      in^2
 X  (           2 ) =   0.000000000000000E+000 in^2
 X  (           3 ) =   0.933579487109040      in^2
 X  (           4 ) =    46.6822743308874      deg
 X  (           5 ) =    61.0287204998265      deg
 X  (           6 ) =    143.702562147964      deg
 
 The multipliers for the equality constraints are:
 
 LAM(           1 ) =    4.39594029967166     
 LAM(           2 ) =   1.412941027888756E-011
 LAM(           3 ) =   9.056001495027776E-012
 LAM(           4 ) =   5.003218259703944E-012
 LAM(           5 ) =   7.783209159059412E-012
 LAM(           6 ) =   1.175402098497768E-011
 LAM(           7 ) =    3.76238776917796     
 LAM(           8 ) =    6.47412375067297     
 
 Weight and its variance:   7.05630564341179       9.514666490417767E-005
