 >> Number of Processors =   4
 
    >>Normalized Constraint Values:
     0.18E+01     0.52E-01     0.19E+01
    -0.59E+00     0.11E-01    -0.56E+00
    -0.22E+01     0.27E-01    -0.21E+01
    -0.38E+01     0.52E-01    -0.37E+01
    -0.14E+01     0.11E-01    -0.14E+01
     0.17E+00     0.27E-01     0.22E+00
     0.66E+00     0.52E-01     0.76E+00
     0.30E+01     0.67E-01     0.31E+01
 
 
    >>Objective:       3.8299       0.0012       3.8311
    >>Robustness factor:       0.0091
 
 iter    objective      ||grad||        inf_pr          inf_du         lg(mu)
    0  0.3831100E+01  0.0000000E+00  0.3147893E+01  0.1079253E+01  0.1000000E+01
 
    >>Normalized Constraint Values:
     0.81E+00     0.82E-02     0.83E+00
    -0.56E+00     0.67E-02    -0.54E+00
    -0.17E+01     0.49E-01    -0.16E+01
    -0.28E+01     0.83E-02    -0.28E+01
    -0.14E+01     0.67E-02    -0.14E+01
    -0.28E+00     0.49E-01    -0.18E+00
     0.99E-01     0.62E-01     0.22E+00
     0.13E+01     0.77E-01     0.15E+01
 
 
    >>Objective:       4.7379       0.0048       4.7427
    >>Robustness factor:       0.0147
    1  0.4742741E+01  0.2162646E+01  0.1753063E+01  0.5822322E+01  0.2938120E+00
 
    >>Normalized Constraint Values:
     0.72E+00     0.83E-02     0.74E+00
    -0.56E+00     0.75E-02    -0.54E+00
    -0.15E+01     0.41E-01    -0.14E+01
    -0.27E+01     0.83E-02    -0.27E+01
    -0.14E+01     0.76E-02    -0.14E+01
    -0.52E+00     0.41E-01    -0.43E+00
     0.27E+00     0.53E-01     0.37E+00
     0.95E+00     0.51E-01     0.11E+01
 
 
    >>Objective:       5.1189       0.0040       5.1230
    >>Robustness factor:       0.0124
    2  0.5122983E+01  0.9371548E+00  0.1319327E+01  0.2726524E+01  0.5755047E+00
 
    >>Normalized Constraint Values:
     0.30E+00     0.72E-02     0.31E+00
    -0.69E+00     0.30E-02    -0.69E+00
    -0.15E+01     0.33E-01    -0.14E+01
    -0.23E+01     0.72E-02    -0.23E+01
    -0.13E+01     0.30E-02    -0.13E+01
    -0.54E+00     0.33E-01    -0.47E+00
    -0.22E+00     0.23E-01    -0.18E+00
     0.65E+00     0.51E-01     0.75E+00
 
 
    >>Objective:       6.7473       0.0048       6.7521
    >>Robustness factor:       0.0103
    3  0.6752136E+01  0.1763450E+01  0.7508617E+00  0.9384149E+01  0.4153066E+00
 
    >>Normalized Constraint Values:
     0.32E-01     0.40E-02     0.40E-01
    -0.75E+00     0.42E-02    -0.74E+00
    -0.13E+01     0.21E-01    -0.12E+01
    -0.20E+01     0.40E-02    -0.20E+01
    -0.13E+01     0.42E-02    -0.12E+01
    -0.74E+00     0.21E-01    -0.70E+00
    -0.23E+00     0.25E-01    -0.18E+00
     0.90E-01     0.30E-01     0.15E+00
 
 
    >>Objective:      10.1008       0.0226      10.1234
    >>Robustness factor:       0.0149
    4  0.1012342E+02  0.1049880E+01  0.2002730E+00  0.1248047E+02  0.2244432E+00
 
    >>Normalized Constraint Values:
    -0.35E-02     0.29E-02     0.24E-02
    -0.74E+00     0.43E-02    -0.74E+00
    -0.12E+01     0.22E-01    -0.12E+01
    -0.20E+01     0.29E-02    -0.20E+01
    -0.13E+01     0.43E-02    -0.12E+01
    -0.80E+00     0.22E-01    -0.75E+00
    -0.22E+00     0.29E-01    -0.16E+00
     0.33E-01     0.28E-01     0.88E-01
 
 
    >>Objective:       9.8495       0.0158       9.8653
    >>Robustness factor:       0.0128
    5  0.9865309E+01  0.4206827E+00  0.1462082E+00  0.7348521E+01  0.1367122E+00
 
    >>Normalized Constraint Values:
    -0.27E-01     0.18E-02    -0.23E-01
    -0.74E+00     0.72E-02    -0.72E+00
    -0.11E+01     0.24E-01    -0.11E+01
    -0.20E+01     0.18E-02    -0.20E+01
    -0.13E+01     0.72E-02    -0.13E+01
    -0.86E+00     0.24E-01    -0.81E+00
    -0.14E+00     0.40E-01    -0.57E-01
    -0.58E-01     0.26E-01    -0.63E-02
 
 
    >>Objective:       9.9029       0.0174       9.9203
    >>Robustness factor:       0.0133
    6  0.9920332E+01  0.2542219E+00  0.4141115E-01  0.4980792E+01  0.1079320E+00
 
    >>Normalized Constraint Values:
    -0.97E-02     0.17E-02    -0.64E-02
    -0.72E+00     0.77E-02    -0.71E+00
    -0.11E+01     0.29E-01    -0.11E+01
    -0.20E+01     0.17E-02    -0.20E+01
    -0.13E+01     0.77E-02    -0.13E+01
    -0.88E+00     0.29E-01    -0.82E+00
    -0.85E-01     0.48E-01     0.12E-01
    -0.51E-01     0.29E-01     0.62E-02
 
 
    >>Objective:       9.2167       0.0144       9.2311
    >>Robustness factor:       0.0130
    7  0.9231123E+01  0.4270770E+00  0.1704611E-01  0.5503852E+01  0.1326444E-01
 
    >>Normalized Constraint Values:
    -0.94E-02     0.25E-02    -0.45E-02
    -0.73E+00     0.63E-02    -0.72E+00
    -0.12E+01     0.32E-01    -0.11E+01
    -0.20E+01     0.25E-02    -0.20E+01
    -0.13E+01     0.63E-02    -0.13E+01
    -0.83E+00     0.32E-01    -0.77E+00
    -0.11E+00     0.53E-01    -0.69E-02
    -0.48E-01     0.36E-01     0.23E-01
 
 
    >>Objective:       9.1472       0.0166       9.1638
    >>Robustness factor:       0.0141
    8  0.9163802E+01  0.2439143E+00  0.2350606E-01  0.2362576E+01  0.3884412E-02
 
    >>Normalized Constraint Values:
    -0.22E-01     0.19E-02    -0.18E-01
    -0.73E+00     0.69E-02    -0.71E+00
    -0.11E+01     0.29E-01    -0.11E+01
    -0.20E+01     0.19E-02    -0.20E+01
    -0.13E+01     0.69E-02    -0.13E+01
    -0.86E+00     0.29E-01    -0.80E+00
    -0.11E+00     0.47E-01    -0.19E-01
    -0.61E-01     0.30E-01    -0.76E-03
 
 
    >>Objective:       9.3908       0.0157       9.4065
    >>Robustness factor:       0.0133
    9  0.9406500E+01  0.2107394E+00  0.1456640E-01  0.1324535E+00  0.3662106E-01
 
    >>Normalized Constraint Values:
    -0.35E-02     0.21E-02     0.68E-03
    -0.72E+00     0.75E-02    -0.70E+00
    -0.11E+01     0.30E-01    -0.11E+01
    -0.20E+01     0.21E-02    -0.20E+01
    -0.13E+01     0.75E-02    -0.13E+01
    -0.87E+00     0.30E-01    -0.81E+00
    -0.72E-01     0.51E-01     0.31E-01
    -0.59E-01     0.31E-01     0.28E-02
 
 
    >>Objective:       9.1958       0.0155       9.2113
    >>Robustness factor:       0.0136
   10  0.9211339E+01  0.1143851E+00  0.3135316E-01  0.1010484E+01  0.2351155E-02
 
    >>Normalized Constraint Values:
    -0.64E-02     0.24E-02    -0.16E-02
    -0.73E+00     0.63E-02    -0.72E+00
    -0.11E+01     0.29E-01    -0.11E+01
    -0.20E+01     0.24E-02    -0.20E+01
    -0.13E+01     0.63E-02    -0.13E+01
    -0.85E+00     0.29E-01    -0.79E+00
    -0.90E-01     0.50E-01     0.11E-01
    -0.65E-01     0.32E-01    -0.82E-03
 
 
    >>Objective:       9.4392       0.0179       9.4571
    >>Robustness factor:       0.0142
   11  0.9457149E+01  0.8328766E-01  0.1108980E-01  0.1327912E+01  0.1734133E-02
 
    >>Normalized Constraint Values:
    -0.69E-02     0.22E-02    -0.25E-02
    -0.73E+00     0.68E-02    -0.71E+00
    -0.11E+01     0.28E-01    -0.11E+01
    -0.20E+01     0.22E-02    -0.20E+01
    -0.13E+01     0.67E-02    -0.13E+01
    -0.86E+00     0.28E-01    -0.80E+00
    -0.92E-01     0.48E-01     0.44E-02
    -0.63E-01     0.30E-01    -0.20E-02
 
 
    >>Objective:       9.4940       0.0175       9.5115
    >>Robustness factor:       0.0139
   12  0.9511492E+01  0.7528897E-01  0.4797880E-02  0.2976578E+00  0.3103221E-02
 
    >>Normalized Constraint Values:
    -0.44E-02     0.22E-02     0.10E-04
    -0.72E+00     0.68E-02    -0.71E+00
    -0.11E+01     0.28E-01    -0.11E+01
    -0.20E+01     0.22E-02    -0.20E+01
    -0.13E+01     0.68E-02    -0.13E+01
    -0.86E+00     0.28E-01    -0.80E+00
    -0.90E-01     0.48E-01     0.65E-02
    -0.61E-01     0.30E-01    -0.21E-03
 
 
    >>Objective:       9.4887       0.0174       9.5061
    >>Robustness factor:       0.0139
   13  0.9506132E+01  0.9179831E-02  0.6519668E-02  0.2141691E-01  0.1949841E-03
 
    >>Normalized Constraint Values:
    -0.45E-02     0.22E-02    -0.60E-05
    -0.73E+00     0.66E-02    -0.71E+00
    -0.11E+01     0.28E-01    -0.11E+01
    -0.20E+01     0.22E-02    -0.20E+01
    -0.13E+01     0.66E-02    -0.13E+01
    -0.86E+00     0.28E-01    -0.80E+00
    -0.92E-01     0.48E-01     0.32E-02
    -0.61E-01     0.30E-01    -0.72E-03
 
 
    >>Objective:       9.5340       0.0178       9.5517
    >>Robustness factor:       0.0140
   14  0.9551740E+01  0.2551299E-01  0.3230096E-02  0.1360427E+00  0.4856903E-05
 
    >>Normalized Constraint Values:
    -0.45E-02     0.22E-02     0.53E-05
    -0.73E+00     0.66E-02    -0.71E+00
    -0.11E+01     0.28E-01    -0.11E+01
    -0.20E+01     0.22E-02    -0.20E+01
    -0.13E+01     0.66E-02    -0.13E+01
    -0.86E+00     0.28E-01    -0.80E+00
    -0.93E-01     0.47E-01     0.15E-02
    -0.60E-01     0.30E-01    -0.37E-03
 
 
    >>Objective:       9.5466       0.0177       9.5643
    >>Robustness factor:       0.0139
   15  0.9564327E+01  0.1254490E-01  0.1537872E-02  0.6014678E-01  0.2407222E-06
 
    >>Normalized Constraint Values:
    -0.44E-02     0.22E-02     0.44E-06
    -0.73E+00     0.65E-02    -0.71E+00
    -0.11E+01     0.28E-01    -0.11E+01
    -0.20E+01     0.22E-02    -0.20E+01
    -0.13E+01     0.65E-02    -0.13E+01
    -0.86E+00     0.28E-01    -0.80E+00
    -0.94E-01     0.47E-01     0.47E-03
    -0.60E-01     0.30E-01    -0.20E-03
 
 
    >>Objective:       9.5523       0.0177       9.5699
    >>Robustness factor:       0.0139
   16  0.9569932E+01  0.6931490E-02  0.4714772E-03  0.1145657E+00  0.4972472E-08
 
    >>Normalized Constraint Values:
    -0.44E-02     0.22E-02    -0.50E-05
    -0.73E+00     0.63E-02    -0.71E+00
    -0.11E+01     0.28E-01    -0.11E+01
    -0.20E+01     0.22E-02    -0.20E+01
    -0.13E+01     0.63E-02    -0.13E+01
    -0.86E+00     0.28E-01    -0.80E+00
    -0.94E-01     0.47E-01     0.11E-03
    -0.60E-01     0.30E-01     0.28E-04
 
 
    >>Objective:       9.5525       0.0178       9.5702
    >>Robustness factor:       0.0140
   17  0.9570246E+01  0.1654106E-01  0.1116310E-03  0.1833437E+00  0.1026765E-09
 
    >>Normalized Constraint Values:
    -0.44E-02     0.22E-02    -0.61E-05
    -0.73E+00     0.64E-02    -0.71E+00
    -0.11E+01     0.28E-01    -0.11E+01
    -0.20E+01     0.22E-02    -0.20E+01
    -0.13E+01     0.64E-02    -0.13E+01
    -0.86E+00     0.28E-01    -0.80E+00
    -0.94E-01     0.47E-01     0.38E-04
    -0.60E-01     0.30E-01     0.55E-04
 
 
    >>Objective:       9.5536       0.0177       9.5713
    >>Robustness factor:       0.0139
   18  0.9571316E+01  0.8577899E-02  0.5545410E-04  0.7119076E-01  0.3525762E-08
 
    >>Normalized Constraint Values:
    -0.44E-02     0.22E-02     0.17E-05
    -0.73E+00     0.63E-02    -0.71E+00
    -0.11E+01     0.28E-01    -0.11E+01
    -0.20E+01     0.22E-02    -0.20E+01
    -0.13E+01     0.63E-02    -0.13E+01
    -0.86E+00     0.28E-01    -0.80E+00
    -0.94E-01     0.47E-01     0.92E-04
    -0.60E-01     0.30E-01    -0.13E-04
 
 
    >>Objective:       9.5546       0.0178       9.5724
    >>Robustness factor:       0.0140
 
    >>Normalized Constraint Values:
    -0.44E-02     0.22E-02     0.11E-04
    -0.73E+00     0.63E-02    -0.71E+00
    -0.11E+01     0.28E-01    -0.11E+01
    -0.20E+01     0.22E-02    -0.20E+01
    -0.13E+01     0.63E-02    -0.13E+01
    -0.86E+00     0.28E-01    -0.80E+00
    -0.94E-01     0.47E-01     0.24E-04
    -0.60E-01     0.30E-01    -0.93E-04
 
 
    >>Objective:       9.5551       0.0178       9.5729
    >>Robustness factor:       0.0140
 
    >>Normalized Constraint Values:
    -0.44E-02     0.22E-02    -0.11E-04
    -0.73E+00     0.63E-02    -0.71E+00
    -0.11E+01     0.28E-01    -0.11E+01
    -0.20E+01     0.22E-02    -0.20E+01
    -0.13E+01     0.63E-02    -0.13E+01
    -0.86E+00     0.28E-01    -0.80E+00
    -0.94E-01     0.47E-01    -0.76E-04
    -0.60E-01     0.30E-01     0.12E-03
 
 
    >>Objective:       9.5538       0.0177       9.5715
    >>Robustness factor:       0.0139
 
    >>Normalized Constraint Values:
    -0.44E-02     0.22E-02     0.29E-05
    -0.73E+00     0.63E-02    -0.71E+00
    -0.11E+01     0.28E-01    -0.11E+01
    -0.20E+01     0.22E-02    -0.20E+01
    -0.13E+01     0.63E-02    -0.13E+01
    -0.86E+00     0.28E-01    -0.80E+00
    -0.94E-01     0.47E-01     0.35E-04
    -0.60E-01     0.30E-01     0.11E-04
 
 
    >>Objective:       9.5541       0.0178       9.5719
    >>Robustness factor:       0.0139
 
    >>Normalized Constraint Values:
    -0.44E-02     0.22E-02     0.15E-04
    -0.73E+00     0.63E-02    -0.71E+00
    -0.11E+01     0.28E-01    -0.11E+01
    -0.20E+01     0.22E-02    -0.20E+01
    -0.13E+01     0.63E-02    -0.13E+01
    -0.86E+00     0.28E-01    -0.80E+00
    -0.94E-01     0.47E-01     0.10E-03
    -0.60E-01     0.30E-01     0.59E-05
 
 
    >>Objective:       9.5539       0.0177       9.5716
    >>Robustness factor:       0.0139
 
    >>Normalized Constraint Values:
    -0.44E-02     0.22E-02     0.70E-05
    -0.73E+00     0.64E-02    -0.71E+00
    -0.11E+01     0.28E-01    -0.11E+01
    -0.20E+01     0.22E-02    -0.20E+01
    -0.13E+01     0.64E-02    -0.13E+01
    -0.86E+00     0.28E-01    -0.80E+00
    -0.94E-01     0.47E-01     0.19E-03
    -0.60E-01     0.30E-01     0.11E-03
 
 
    >>Objective:       9.5537       0.0178       9.5715
    >>Robustness factor:       0.0139
 
    >>Normalized Constraint Values:
    -0.44E-02     0.22E-02     0.84E-06
    -0.73E+00     0.64E-02    -0.71E+00
    -0.11E+01     0.28E-01    -0.11E+01
    -0.20E+01     0.22E-02    -0.20E+01
    -0.13E+01     0.63E-02    -0.13E+01
    -0.86E+00     0.28E-01    -0.80E+00
    -0.94E-01     0.47E-01     0.11E-03
    -0.60E-01     0.30E-01     0.20E-04
 
 
    >>Objective:       9.5537       0.0178       9.5714
    >>Robustness factor:       0.0140
 
    >>Normalized Constraint Values:
    -0.44E-02     0.22E-02     0.97E-06
    -0.73E+00     0.64E-02    -0.71E+00
    -0.11E+01     0.28E-01    -0.11E+01
    -0.20E+01     0.22E-02    -0.20E+01
    -0.13E+01     0.64E-02    -0.13E+01
    -0.86E+00     0.28E-01    -0.80E+00
    -0.94E-01     0.47E-01    -0.29E-04
    -0.60E-01     0.30E-01     0.24E-04
 
 
    >>Objective:       9.5536       0.0177       9.5714
    >>Robustness factor:       0.0139
 
    >>Normalized Constraint Values:
    -0.44E-02     0.22E-02     0.51E-05
    -0.73E+00     0.64E-02    -0.71E+00
    -0.11E+01     0.28E-01    -0.11E+01
    -0.20E+01     0.22E-02    -0.20E+01
    -0.13E+01     0.64E-02    -0.13E+01
    -0.86E+00     0.28E-01    -0.80E+00
    -0.94E-01     0.47E-01    -0.58E-04
    -0.60E-01     0.30E-01     0.22E-03
 
 
    >>Objective:       9.5536       0.0177       9.5713
    >>Robustness factor:       0.0139
   19  0.9571270E+01  0.5902402E-02  0.2167977E-03  0.5476403E-01  0.1079284E-09
 
    >>Normalized Constraint Values:
    -0.45E-02     0.22E-02     0.71E-06
    -0.73E+00     0.64E-02    -0.71E+00
    -0.11E+01     0.28E-01    -0.11E+01
    -0.20E+01     0.22E-02    -0.20E+01
    -0.13E+01     0.64E-02    -0.13E+01
    -0.86E+00     0.28E-01    -0.80E+00
    -0.94E-01     0.47E-01     0.27E-03
    -0.60E-01     0.30E-01    -0.30E-03
 
 
    >>Objective:       9.5566       0.0179       9.5745
    >>Robustness factor:       0.0140
 
    >>Normalized Constraint Values:
    -0.44E-02     0.22E-02    -0.36E-05
    -0.73E+00     0.64E-02    -0.71E+00
    -0.11E+01     0.28E-01    -0.11E+01
    -0.20E+01     0.22E-02    -0.20E+01
    -0.13E+01     0.64E-02    -0.13E+01
    -0.86E+00     0.28E-01    -0.80E+00
    -0.94E-01     0.47E-01    -0.13E-03
    -0.60E-01     0.30E-01     0.76E-04
 
 
    >>Objective:       9.5539       0.0178       9.5716
    >>Robustness factor:       0.0139
   20  0.9571607E+01  0.5232858E-03  0.1279415E-03  0.1450369E+00  0.1335954E-09
 
 The solution was found.
 
 The final value of the objective function is    9.57160735015027     
 
 The optimal values of X are:
 
 X  (           1 ) =    3.97092258097641      in^2
 X  (           2 ) =   0.000000000000000E+000 in^2
 X  (           3 ) =    2.50558012673144      in^2
 X  (           4 ) =    50.1747357070545      deg
 X  (           5 ) =    61.9985042989626      deg
 X  (           6 ) =    145.089121695446      deg
 
 The multipliers for the equality constraints are:
 
 LAM(           1 ) =    1.25964305638049     
 LAM(           2 ) =   1.872721406793299E-010
 LAM(           3 ) =   1.226569152775672E-010
 LAM(           4 ) =   6.709424626956612E-011
 LAM(           5 ) =   1.059279505253677E-010
 LAM(           6 ) =   1.669412101409045E-010
 LAM(           7 ) =    7.58015130808047     
 LAM(           8 ) =    16.1742573519074     
 
 Weight and its variance:   9.55385562887194       1.775172127833002E-002
