 >> Number of Processors =   8
 
    >>Normalized Constraint Values:
     0.18E+01
    -0.59E+00
    -0.22E+01
    -0.38E+01
    -0.14E+01
     0.17E+00
     0.66E+00
     0.30E+01
 
 
    >>Objective:       3.8285       0.0000       3.8285
 
 iter    objective      ||grad||        inf_pr          inf_du         lg(mu)
    0  0.3828462E+01  0.0000000E+00  0.3010039E+01  0.1167704E+01  0.1000000E+01
 
    >>Normalized Constraint Values:
     0.80E+00
    -0.59E+00
    -0.20E+01
    -0.28E+01
    -0.14E+01
    -0.44E-01
    -0.18E+00
     0.17E+01
 
 
    >>Objective:       4.5489       0.0000       4.5490
    1  0.4548971E+01  0.2064350E+01  0.1892960E+01  0.6302259E+01  0.2231911E+00
 
    >>Normalized Constraint Values:
     0.76E+00
    -0.58E+00
    -0.17E+01
    -0.28E+01
    -0.14E+01
    -0.28E+00
     0.42E-01
     0.13E+01
 
 
    >>Objective:       4.7484       0.0000       4.7485
    2  0.4748455E+01  0.8603141E+00  0.1541678E+01  0.7101745E+01  0.5383809E+00
 
    >>Normalized Constraint Values:
     0.37E+00
    -0.67E+00
    -0.16E+01
    -0.24E+01
    -0.13E+01
    -0.45E+00
    -0.18E+00
     0.75E+00
 
 
    >>Objective:       6.1855       0.0001       6.1856
    3  0.6185564E+01  0.1310283E+01  0.9129737E+00  0.3714239E+01  0.3941343E+00
 
    >>Normalized Constraint Values:
     0.18E+00
    -0.71E+00
    -0.14E+01
    -0.22E+01
    -0.13E+01
    -0.57E+00
    -0.26E+00
     0.45E+00
 
 
    >>Objective:       7.4363       0.0001       7.4364
    4  0.7436359E+01  0.8567664E+00  0.4466254E+00  0.2223197E+01  0.1241700E+00
 
    >>Normalized Constraint Values:
     0.36E-01
    -0.73E+00
    -0.12E+01
    -0.20E+01
    -0.13E+01
    -0.76E+00
    -0.22E+00
     0.13E+00
 
 
    >>Objective:       8.2867       0.0001       8.2868
    5  0.8286775E+01  0.9232090E+00  0.2047732E+00  0.5977545E+01  0.1032513E+00
 
    >>Normalized Constraint Values:
    -0.41E-02
    -0.73E+00
    -0.11E+01
    -0.20E+01
    -0.13E+01
    -0.85E+00
    -0.13E+00
     0.15E-01
 
 
    >>Objective:       8.3566       0.0001       8.3567
    6  0.8356737E+01  0.2667028E+00  0.1240572E+00  0.4118440E+01  0.9173455E-02
 
    >>Normalized Constraint Values:
    -0.45E-02
    -0.72E+00
    -0.11E+01
    -0.20E+01
    -0.13E+01
    -0.90E+00
    -0.73E-01
    -0.48E-02
 
 
    >>Objective:       7.9178       0.0001       7.9179
    7  0.7917910E+01  0.4565876E+00  0.6658548E-01  0.5225066E+01  0.8682140E-02
 
    >>Normalized Constraint Values:
    -0.42E-02
    -0.71E+00
    -0.11E+01
    -0.20E+01
    -0.13E+01
    -0.91E+00
    -0.59E-01
    -0.36E-02
 
 
    >>Objective:       7.6555       0.0001       7.6556
    8  0.7655581E+01  0.3998464E+00  0.5909254E-01  0.5010626E+01  0.5612113E-02
 
    >>Normalized Constraint Values:
    -0.18E-02
    -0.71E+00
    -0.11E+01
    -0.20E+01
    -0.13E+01
    -0.92E+00
    -0.40E-01
    -0.20E-02
 
 
    >>Objective:       7.1378       0.0001       7.1379
    9  0.7137895E+01  0.3784098E+00  0.4009123E-01  0.3273103E+01  0.2252406E-02
 
    >>Normalized Constraint Values:
    -0.48E-03
    -0.72E+00
    -0.12E+01
    -0.20E+01
    -0.13E+01
    -0.84E+00
    -0.88E-01
     0.36E-01
 
 
    >>Objective:       6.6748       0.0001       6.6749
   10  0.6674856E+01  0.3837721E+00  0.8726153E-01  0.2562437E+01  0.5102531E-02
 
    >>Normalized Constraint Values:
    -0.43E-03
    -0.71E+00
    -0.11E+01
    -0.20E+01
    -0.13E+01
    -0.90E+00
    -0.31E-01
    -0.27E-02
 
 
    >>Objective:       6.6117       0.0001       6.6118
   11  0.6611820E+01  0.6160723E-01  0.3020351E-01  0.1202266E+01  0.8474372E-03
 
    >>Normalized Constraint Values:
    -0.11E-03
    -0.71E+00
    -0.11E+01
    -0.20E+01
    -0.13E+01
    -0.89E+00
    -0.32E-01
     0.12E-02
 
 
    >>Objective:       6.4809       0.0001       6.4810
   12  0.6480994E+01  0.9230636E-01  0.3187017E-01  0.3214594E+00  0.5666217E-03
 
    >>Normalized Constraint Values:
    -0.11E-04
    -0.71E+00
    -0.11E+01
    -0.20E+01
    -0.13E+01
    -0.88E+00
    -0.31E-01
     0.17E-02
 
 
    >>Objective:       6.3901       0.0001       6.3902
   13  0.6390157E+01  0.6768560E-01  0.3143700E-01  0.1124468E+01  0.5174724E-04
 
    >>Normalized Constraint Values:
    -0.64E-05
    -0.71E+00
    -0.11E+01
    -0.20E+01
    -0.13E+01
    -0.88E+00
    -0.27E-01
    -0.11E-03
 
 
    >>Objective:       6.3249       0.0001       6.3250
   14  0.6325024E+01  0.4718666E-01  0.2704489E-01  0.5520575E+00  0.3297757E-05
 
    >>Normalized Constraint Values:
    -0.95E-05
    -0.71E+00
    -0.11E+01
    -0.20E+01
    -0.13E+01
    -0.87E+00
    -0.25E-01
    -0.96E-04
 
 
    >>Objective:       6.2694       0.0001       6.2695
   15  0.6269503E+01  0.3886572E-01  0.2491352E-01  0.4156718E-01  0.2497716E-06
 
    >>Normalized Constraint Values:
    -0.14E-04
    -0.71E+00
    -0.11E+01
    -0.20E+01
    -0.13E+01
    -0.88E+00
    -0.22E-01
    -0.35E-03
 
 
    >>Objective:       6.2227       0.0001       6.2228
   16  0.6222765E+01  0.3183305E-01  0.2240268E-01  0.2039991E+00  0.1922383E-07
 
    >>Normalized Constraint Values:
    -0.15E-04
    -0.70E+00
    -0.11E+01
    -0.20E+01
    -0.13E+01
    -0.88E+00
    -0.20E-01
    -0.41E-03
 
 
    >>Objective:       6.1822       0.0001       6.1823
   17  0.6182273E+01  0.2709283E-01  0.2021460E-01  0.6140739E-01  0.1091559E-08
 
    >>Normalized Constraint Values:
    -0.15E-04
    -0.70E+00
    -0.11E+01
    -0.20E+01
    -0.13E+01
    -0.88E+00
    -0.18E-01
    -0.45E-03
 
 
    >>Objective:       6.1469       0.0001       6.1470
   18  0.6146966E+01  0.2348894E-01  0.1825038E-01  0.2615910E-01  0.7494775E-10
 
    >>Normalized Constraint Values:
    -0.13E-04
    -0.70E+00
    -0.11E+01
    -0.20E+01
    -0.13E+01
    -0.89E+00
    -0.17E-01
    -0.46E-03
 
 
    >>Objective:       6.1158       0.0001       6.1159
   19  0.6115914E+01  0.2067119E-01  0.1653151E-01  0.1063116E-01  0.1000000E-10
 
    >>Normalized Constraint Values:
    -0.11E-04
    -0.70E+00
    -0.11E+01
    -0.20E+01
    -0.13E+01
    -0.89E+00
    -0.15E-01
    -0.44E-03
 
 
    >>Objective:       6.0883       0.0001       6.0884
   20  0.6088441E+01  0.1841821E-01  0.1509838E-01  0.2478778E-01  0.1000000E-10
 
    >>Normalized Constraint Values:
    -0.99E-05
    -0.70E+00
    -0.11E+01
    -0.20E+01
    -0.13E+01
    -0.90E+00
    -0.14E-01
    -0.43E-03
 
 
    >>Objective:       6.0639       0.0001       6.0640
   21  0.6064007E+01  0.1646874E-01  0.1386358E-01  0.4099990E-01  0.1000516E-10
 
    >>Normalized Constraint Values:
    -0.86E-05
    -0.70E+00
    -0.11E+01
    -0.20E+01
    -0.13E+01
    -0.90E+00
    -0.13E-01
    -0.41E-03
 
 
    >>Objective:       6.0421       0.0001       6.0422
   22  0.6042163E+01  0.1482115E-01  0.1281966E-01  0.2611160E-01  0.1000000E-10
 
    >>Normalized Constraint Values:
    -0.77E-05
    -0.70E+00
    -0.11E+01
    -0.20E+01
    -0.13E+01
    -0.90E+00
    -0.12E-01
    -0.40E-03
 
 
    >>Objective:       6.0224       0.0001       6.0225
   23  0.6022542E+01  0.1336493E-01  0.1191030E-01  0.1824898E-01  0.1000000E-10
 
    >>Normalized Constraint Values:
    -0.68E-05
    -0.70E+00
    -0.11E+01
    -0.20E+01
    -0.13E+01
    -0.90E+00
    -0.11E-01
    -0.38E-03
 
 
    >>Objective:       6.0047       0.0001       6.0048
   24  0.6004837E+01  0.1213293E-01  0.1115011E-01  0.3505205E-01  0.1000000E-10
 
    >>Normalized Constraint Values:
    -0.62E-05
    -0.70E+00
    -0.11E+01
    -0.20E+01
    -0.13E+01
    -0.90E+00
    -0.10E-01
    -0.39E-03
 
 
    >>Objective:       5.9887       0.0001       5.9888
   25  0.5988816E+01  0.1101628E-01  0.1047033E-01  0.2221880E-01  0.1000000E-10
 
    >>Normalized Constraint Values:
    -0.60E-05
    -0.70E+00
    -0.11E+01
    -0.20E+01
    -0.13E+01
    -0.90E+00
    -0.98E-02
    -0.39E-03
 
 
    >>Objective:       5.9741       0.0001       5.9742
   26  0.5974221E+01  0.9998962E-02  0.9830879E-02  0.3905134E-01  0.1000000E-10
 
    >>Normalized Constraint Values:
    -0.56E-05
    -0.70E+00
    -0.11E+01
    -0.20E+01
    -0.13E+01
    -0.91E+00
    -0.93E-02
    -0.39E-03
 
 
    >>Objective:       5.9608       0.0001       5.9609
   27  0.5960900E+01  0.9156958E-02  0.9271679E-02  0.1260766E-01  0.1000000E-10
 
    >>Normalized Constraint Values:
    -0.52E-05
    -0.70E+00
    -0.11E+01
    -0.20E+01
    -0.13E+01
    -0.91E+00
    -0.87E-02
    -0.39E-03
 
 
    >>Objective:       5.9486       0.0001       5.9487
   28  0.5948681E+01  0.8392634E-02  0.8737483E-02  0.1975460E-01  0.1000000E-10
 
    >>Normalized Constraint Values:
    -0.50E-05
    -0.70E+00
    -0.11E+01
    -0.20E+01
    -0.13E+01
    -0.91E+00
    -0.83E-02
    -0.39E-03
 
 
    >>Objective:       5.9374       0.0001       5.9375
   29  0.5937452E+01  0.7715455E-02  0.8268432E-02  0.4968259E-02  0.1000000E-10
 
    >>Normalized Constraint Values:
    -0.48E-05
    -0.70E+00
    -0.11E+01
    -0.20E+01
    -0.13E+01
    -0.91E+00
    -0.78E-02
    -0.41E-03
 
 
    >>Objective:       5.9270       0.0001       5.9271
   30  0.5927088E+01  0.7102247E-02  0.7792780E-02  0.1365559E-01  0.1000000E-10
 
    >>Normalized Constraint Values:
    -0.46E-05
    -0.70E+00
    -0.11E+01
    -0.20E+01
    -0.13E+01
    -0.91E+00
    -0.74E-02
    -0.40E-03
 
 
    >>Objective:       5.9174       0.0001       5.9175
   31  0.5917499E+01  0.6564503E-02  0.7357486E-02  0.4660908E-02  0.1000000E-10
 
    >>Normalized Constraint Values:
    -0.43E-05
    -0.70E+00
    -0.11E+01
    -0.20E+01
    -0.13E+01
    -0.91E+00
    -0.69E-02
    -0.40E-03
 
 
    >>Objective:       5.9085       0.0001       5.9086
   32  0.5908611E+01  0.6076726E-02  0.6944807E-02  0.6273796E-02  0.1000000E-10
 
    >>Normalized Constraint Values:
    -0.40E-05
    -0.70E+00
    -0.11E+01
    -0.20E+01
    -0.13E+01
    -0.91E+00
    -0.66E-02
    -0.42E-03
 
 
    >>Objective:       5.9003       0.0001       5.9004
   33  0.5900352E+01  0.5663735E-02  0.6575496E-02  0.2342169E-01  0.1000000E-10
 
    >>Normalized Constraint Values:
    -0.39E-05
    -0.70E+00
    -0.11E+01
    -0.20E+01
    -0.13E+01
    -0.92E+00
    -0.62E-02
    -0.40E-03
 
 
    >>Objective:       5.8925       0.0001       5.8926
   34  0.5892646E+01  0.5286556E-02  0.6234519E-02  0.8343523E-02  0.1000000E-10
 
    >>Normalized Constraint Values:
    -0.36E-05
    -0.70E+00
    -0.11E+01
    -0.20E+01
    -0.13E+01
    -0.92E+00
    -0.59E-02
    -0.41E-03
 
 
    >>Objective:       5.8854       0.0001       5.8855
   35  0.5885479E+01  0.4930377E-02  0.5920628E-02  0.8279800E-02  0.1000000E-10
 
    >>Normalized Constraint Values:
    -0.34E-05
    -0.70E+00
    -0.11E+01
    -0.20E+01
    -0.13E+01
    -0.92E+00
    -0.57E-02
    -0.41E-03
 
 
    >>Objective:       5.8787       0.0001       5.8788
   36  0.5878769E+01  0.4634227E-02  0.5663212E-02  0.9227631E-02  0.1000000E-10
 
    >>Normalized Constraint Values:
    -0.33E-05
    -0.70E+00
    -0.11E+01
    -0.20E+01
    -0.13E+01
    -0.92E+00
    -0.54E-02
    -0.40E-03
 
 
    >>Objective:       5.8724       0.0001       5.8725
   37  0.5872477E+01  0.4342702E-02  0.5407826E-02  0.3957922E-02  0.1000000E-10
 
    >>Normalized Constraint Values:
    -0.31E-05
    -0.70E+00
    -0.11E+01
    -0.20E+01
    -0.13E+01
    -0.92E+00
    -0.52E-02
    -0.41E-03
 
 
    >>Objective:       5.8665       0.0001       5.8666
   38  0.5866575E+01  0.4075439E-02  0.5163498E-02  0.1123532E-01  0.1000000E-10
 
    >>Normalized Constraint Values:
    -0.31E-05
    -0.70E+00
    -0.11E+01
    -0.20E+01
    -0.13E+01
    -0.92E+00
    -0.49E-02
    -0.41E-03
 
 
    >>Objective:       5.8609       0.0001       5.8610
   39  0.5861025E+01  0.3820523E-02  0.4919630E-02  0.6089793E-02  0.1000000E-10
 
    >>Normalized Constraint Values:
    -0.29E-05
    -0.70E+00
    -0.11E+01
    -0.20E+01
    -0.13E+01
    -0.92E+00
    -0.47E-02
    -0.40E-03
 
 
    >>Objective:       5.8557       0.0001       5.8558
   40  0.5855799E+01  0.3606339E-02  0.4710790E-02  0.1409079E-01  0.1000000E-10
 
    >>Normalized Constraint Values:
    -0.28E-05
    -0.70E+00
    -0.11E+01
    -0.20E+01
    -0.13E+01
    -0.92E+00
    -0.45E-02
    -0.41E-03
 
 
    >>Objective:       5.8508       0.0001       5.8509
   41  0.5850880E+01  0.3409274E-02  0.4520623E-02  0.3925593E-02  0.1000000E-10
 
    >>Normalized Constraint Values:
    -0.27E-05
    -0.70E+00
    -0.11E+01
    -0.20E+01
    -0.13E+01
    -0.92E+00
    -0.44E-02
    -0.40E-03
 
 
    >>Objective:       5.8461       0.0001       5.8462
   42  0.5846232E+01  0.3220258E-02  0.4362030E-02  0.9455773E-02  0.1000000E-10
 
    >>Normalized Constraint Values:
    -0.25E-05
    -0.70E+00
    -0.11E+01
    -0.20E+01
    -0.13E+01
    -0.93E+00
    -0.42E-02
    -0.40E-03
 
 
    >>Objective:       5.8417       0.0001       5.8418
   43  0.5841815E+01  0.3059317E-02  0.4182472E-02  0.1755483E-01  0.1000000E-10
 
    >>Normalized Constraint Values:
    -0.25E-05
    -0.70E+00
    -0.11E+01
    -0.20E+01
    -0.13E+01
    -0.93E+00
    -0.40E-02
    -0.40E-03
 
 
    >>Objective:       5.8376       0.0001       5.8376
   44  0.5837647E+01  0.2884542E-02  0.4014094E-02  0.1499261E-01  0.1000000E-10
 
    >>Normalized Constraint Values:
    -0.24E-05
    -0.70E+00
    -0.11E+01
    -0.20E+01
    -0.13E+01
    -0.93E+00
    -0.39E-02
    -0.40E-03
 
 
    >>Objective:       5.8336       0.0001       5.8337
   45  0.5833698E+01  0.2727696E-02  0.3852298E-02  0.1485974E-01  0.1000000E-10
 
    >>Normalized Constraint Values:
    -0.23E-05
    -0.70E+00
    -0.11E+01
    -0.20E+01
    -0.13E+01
    -0.93E+00
    -0.37E-02
    -0.40E-03
 
 
    >>Objective:       5.8299       0.0001       5.8300
   46  0.5829954E+01  0.2589608E-02  0.3701924E-02  0.2312053E-01  0.1000000E-10
 
    >>Normalized Constraint Values:
    -0.22E-05
    -0.70E+00
    -0.11E+01
    -0.20E+01
    -0.13E+01
    -0.93E+00
    -0.36E-02
    -0.40E-03
 
 
    >>Objective:       5.8263       0.0001       5.8264
   47  0.5826393E+01  0.2464666E-02  0.3563530E-02  0.1342398E-01  0.1000000E-10
 
    >>Normalized Constraint Values:
    -0.22E-05
    -0.70E+00
    -0.11E+01
    -0.20E+01
    -0.13E+01
    -0.93E+00
    -0.34E-02
    -0.40E-03
 
 
    >>Objective:       5.8229       0.0001       5.8230
   48  0.5823005E+01  0.2339779E-02  0.3413342E-02  0.1251349E-01  0.1000000E-10
 
    >>Normalized Constraint Values:
    -0.21E-05
    -0.70E+00
    -0.11E+01
    -0.20E+01
    -0.13E+01
    -0.93E+00
    -0.33E-02
    -0.39E-03
 
 
    >>Objective:       5.8197       0.0001       5.8198
   49  0.5819790E+01  0.2234791E-02  0.3333142E-02  0.1008783E-01  0.1000000E-10
 
    >>Normalized Constraint Values:
    -0.20E-05
    -0.70E+00
    -0.11E+01
    -0.20E+01
    -0.13E+01
    -0.93E+00
    -0.32E-02
    -0.40E-03
 
 
    >>Objective:       5.8166       0.0001       5.8167
   50  0.5816709E+01  0.2155132E-02  0.3208636E-02  0.2124349E-01  0.1000000E-10
 
    >>Normalized Constraint Values:
    -0.19E-05
    -0.70E+00
    -0.11E+01
    -0.20E+01
    -0.13E+01
    -0.93E+00
    -0.31E-02
    -0.39E-03
 
 
    >>Objective:       5.8137       0.0001       5.8138
   51  0.5813771E+01  0.2043728E-02  0.3124434E-02  0.7473279E-02  0.1000000E-10
 
    >>Normalized Constraint Values:
    -0.19E-05
    -0.70E+00
    -0.11E+01
    -0.20E+01
    -0.13E+01
    -0.93E+00
    -0.30E-02
    -0.38E-03
 
 
    >>Objective:       5.8109       0.0001       5.8110
   52  0.5810961E+01  0.1956149E-02  0.3014529E-02  0.1047325E-01  0.1000000E-10
 
    >>Normalized Constraint Values:
    -0.18E-05
    -0.70E+00
    -0.11E+01
    -0.20E+01
    -0.13E+01
    -0.93E+00
    -0.29E-02
    -0.38E-03
 
 
    >>Objective:       5.8082       0.0001       5.8083
   53  0.5808284E+01  0.1862818E-02  0.2930543E-02  0.6609750E-02  0.1000000E-10
 
    >>Normalized Constraint Values:
    -0.18E-05
    -0.70E+00
    -0.11E+01
    -0.20E+01
    -0.13E+01
    -0.93E+00
    -0.28E-02
    -0.39E-03
 
 
    >>Objective:       5.8056       0.0001       5.8057
   54  0.5805715E+01  0.1786972E-02  0.2840264E-02  0.1012579E-01  0.1000000E-10
 
    >>Normalized Constraint Values:
    -0.18E-05
    -0.70E+00
    -0.11E+01
    -0.20E+01
    -0.13E+01
    -0.93E+00
    -0.28E-02
    -0.38E-03
 
 
    >>Objective:       5.8031       0.0001       5.8032
   55  0.5803245E+01  0.1712419E-02  0.2751600E-02  0.1123257E-01  0.1000000E-10
 
    >>Normalized Constraint Values:
    -0.18E-05
    -0.70E+00
    -0.11E+01
    -0.20E+01
    -0.13E+01
    -0.93E+00
    -0.27E-02
    -0.38E-03
 
 
    >>Objective:       5.8008       0.0001       5.8009
   56  0.5800886E+01  0.1636381E-02  0.2652934E-02  0.1680099E-01  0.1000000E-10
 
    >>Normalized Constraint Values:
    -0.17E-05
    -0.70E+00
    -0.11E+01
    -0.20E+01
    -0.13E+01
    -0.93E+00
    -0.26E-02
    -0.38E-03
 
 
    >>Objective:       5.7985       0.0001       5.7986
   57  0.5798623E+01  0.1564659E-02  0.2553581E-02  0.4427295E-02  0.1000000E-10
 
    >>Normalized Constraint Values:
    -0.17E-05
    -0.70E+00
    -0.11E+01
    -0.20E+01
    -0.13E+01
    -0.94E+00
    -0.25E-02
    -0.37E-03
 
 
    >>Objective:       5.7964       0.0001       5.7965
   58  0.5796451E+01  0.1497463E-02  0.2466990E-02  0.2817113E-01  0.1000000E-10
 
    >>Normalized Constraint Values:
    -0.16E-05
    -0.70E+00
    -0.11E+01
    -0.20E+01
    -0.13E+01
    -0.94E+00
    -0.24E-02
    -0.37E-03
 
 
    >>Objective:       5.7943       0.0001       5.7944
   59  0.5794376E+01  0.1434791E-02  0.2369402E-02  0.1247098E-01  0.1000000E-10
 
    >>Normalized Constraint Values:
    -0.15E-05
    -0.70E+00
    -0.11E+01
    -0.20E+01
    -0.13E+01
    -0.94E+00
    -0.23E-02
    -0.37E-03
 
 
    >>Objective:       5.7923       0.0001       5.7924
   60  0.5792388E+01  0.1374429E-02  0.2291931E-02  0.1014736E-01  0.1000000E-10
 
    >>Normalized Constraint Values:
    -0.14E-05
    -0.70E+00
    -0.11E+01
    -0.20E+01
    -0.13E+01
    -0.94E+00
    -0.22E-02
    -0.36E-03
 
 
    >>Objective:       5.7904       0.0001       5.7905
   61  0.5790475E+01  0.1332204E-02  0.2227368E-02  0.9913528E-02  0.1000000E-10
 
    >>Normalized Constraint Values:
    -0.15E-05
    -0.70E+00
    -0.11E+01
    -0.20E+01
    -0.13E+01
    -0.94E+00
    -0.22E-02
    -0.36E-03
 
 
    >>Objective:       5.7885       0.0001       5.7886
   62  0.5788636E+01  0.1279835E-02  0.2163140E-02  0.4991523E-02  0.1000000E-10
 
    >>Normalized Constraint Values:
    -0.14E-05
    -0.70E+00
    -0.11E+01
    -0.20E+01
    -0.13E+01
    -0.94E+00
    -0.21E-02
    -0.36E-03
 
 
    >>Objective:       5.7868       0.0001       5.7869
   63  0.5786863E+01  0.1416100E-02  0.2103429E-02  0.2264876E-01  0.1000000E-10
 
    >>Normalized Constraint Values:
    -0.14E-05
    -0.70E+00
    -0.11E+01
    -0.20E+01
    -0.13E+01
    -0.94E+00
    -0.20E-02
    -0.35E-03
 
 
    >>Objective:       5.7851       0.0001       5.7852
   64  0.5785154E+01  0.1396150E-02  0.2033755E-02  0.6497156E-02  0.1000000E-10
 
    >>Normalized Constraint Values:
    -0.13E-05
    -0.70E+00
    -0.11E+01
    -0.20E+01
    -0.13E+01
    -0.94E+00
    -0.19E-02
    -0.37E-03
 
 
    >>Objective:       5.7834       0.0001       5.7835
   65  0.5783514E+01  0.1392434E-02  0.1948252E-02  0.8831348E-02  0.1000000E-10
 
    >>Normalized Constraint Values:
    -0.13E-05
    -0.70E+00
    -0.11E+01
    -0.20E+01
    -0.13E+01
    -0.94E+00
    -0.19E-02
    -0.35E-03
 
 
    >>Objective:       5.7818       0.0001       5.7819
   66  0.5781935E+01  0.1375859E-02  0.1893985E-02  0.7027928E-02  0.1000000E-10
 
    >>Normalized Constraint Values:
    -0.13E-05
    -0.70E+00
    -0.11E+01
    -0.20E+01
    -0.13E+01
    -0.94E+00
    -0.18E-02
    -0.35E-03
 
 
    >>Objective:       5.7803       0.0001       5.7804
   67  0.5780423E+01  0.1051165E-02  0.1839582E-02  0.2142441E-01  0.1000000E-10
 
    >>Normalized Constraint Values:
    -0.12E-05
    -0.70E+00
    -0.11E+01
    -0.20E+01
    -0.13E+01
    -0.94E+00
    -0.18E-02
    -0.35E-03
 
 
    >>Objective:       5.7789       0.0001       5.7790
   68  0.5778962E+01  0.1021245E-02  0.1794562E-02  0.1559980E-01  0.1000000E-10
 
    >>Normalized Constraint Values:
    -0.12E-05
    -0.70E+00
    -0.11E+01
    -0.20E+01
    -0.13E+01
    -0.94E+00
    -0.17E-02
    -0.33E-03
 
 
    >>Objective:       5.7774       0.0001       5.7775
   69  0.5777538E+01  0.9932750E-03  0.1748937E-02  0.5206004E-02  0.1000000E-10
 
    >>Normalized Constraint Values:
    -0.12E-05
    -0.70E+00
    -0.11E+01
    -0.20E+01
    -0.13E+01
    -0.94E+00
    -0.17E-02
    -0.34E-03
 
 
    >>Objective:       5.7761       0.0001       5.7762
   70  0.5776172E+01  0.9498805E-03  0.1694456E-02  0.2003537E-02  0.1000000E-10
 
    >>Normalized Constraint Values:
    -0.11E-05
    -0.70E+00
    -0.11E+01
    -0.20E+01
    -0.13E+01
    -0.94E+00
    -0.17E-02
    -0.33E-03
 
 
    >>Objective:       5.7748       0.0001       5.7748
   71  0.5774849E+01  0.9262036E-03  0.1666723E-02  0.1070554E-01  0.1000000E-10
 
    >>Normalized Constraint Values:
    -0.11E-05
    -0.70E+00
    -0.11E+01
    -0.20E+01
    -0.13E+01
    -0.94E+00
    -0.16E-02
    -0.33E-03
 
 
    >>Objective:       5.7735       0.0001       5.7736
   72  0.5773563E+01  0.8984429E-03  0.1617774E-02  0.4613249E-02  0.1000000E-10
 
    >>Normalized Constraint Values:
    -0.11E-05
    -0.70E+00
    -0.11E+01
    -0.20E+01
    -0.13E+01
    -0.94E+00
    -0.16E-02
    -0.35E-03
 
 
    >>Objective:       5.7722       0.0001       5.7723
   73  0.5772319E+01  0.8682335E-03  0.1584975E-02  0.1387745E-01  0.1000000E-10
 
    >>Normalized Constraint Values:
    -0.10E-05
    -0.70E+00
    -0.11E+01
    -0.20E+01
    -0.13E+01
    -0.94E+00
    -0.16E-02
    -0.30E-03
 
 
    >>Objective:       5.7710       0.0001       5.7711
   74  0.5771096E+01  0.8605418E-03  0.1582982E-02  0.5995445E-02  0.1000000E-10
 
    >>Normalized Constraint Values:
    -0.11E-05
    -0.70E+00
    -0.11E+01
    -0.20E+01
    -0.13E+01
    -0.94E+00
    -0.15E-02
    -0.32E-03
 
 
    >>Objective:       5.7698       0.0001       5.7699
   75  0.5769926E+01  0.8248414E-03  0.1549727E-02  0.6724050E-02  0.1000000E-10
 
    >>Normalized Constraint Values:
    -0.11E-05
    -0.70E+00
    -0.11E+01
    -0.20E+01
    -0.13E+01
    -0.94E+00
    -0.15E-02
    -0.32E-03
 
 
    >>Objective:       5.7687       0.0001       5.7688
   76  0.5768778E+01  0.8094783E-03  0.1519738E-02  0.5247292E-02  0.1000000E-10
 
    >>Normalized Constraint Values:
    -0.10E-05
    -0.70E+00
    -0.11E+01
    -0.20E+01
    -0.13E+01
    -0.94E+00
    -0.15E-02
    -0.32E-03
 
 
    >>Objective:       5.7676       0.0001       5.7677
   77  0.5767660E+01  0.7910671E-03  0.1513271E-02  0.1322037E-01  0.1000000E-10
 
    >>Normalized Constraint Values:
    -0.10E-05
    -0.70E+00
    -0.11E+01
    -0.20E+01
    -0.13E+01
    -0.94E+00
    -0.15E-02
    -0.30E-03
 
 
    >>Objective:       5.7665       0.0001       5.7666
   78  0.5766569E+01  0.7754374E-03  0.1501354E-02  0.5080408E-02  0.1000000E-10
 
    >>Normalized Constraint Values:
    -0.10E-05
    -0.70E+00
    -0.11E+01
    -0.20E+01
    -0.13E+01
    -0.94E+00
    -0.15E-02
    -0.31E-03
 
 
    >>Objective:       5.7654       0.0001       5.7655
   79  0.5765508E+01  0.7458046E-03  0.1473239E-02  0.1645430E-01  0.1000000E-10
 
    >>Normalized Constraint Values:
    -0.10E-05
    -0.70E+00
    -0.11E+01
    -0.20E+01
    -0.13E+01
    -0.94E+00
    -0.15E-02
    -0.31E-03
 
 
    >>Objective:       5.7644       0.0001       5.7645
   80  0.5764473E+01  0.7258026E-03  0.1454184E-02  0.2886228E-02  0.1000000E-10
 
    >>Normalized Constraint Values:
    -0.97E-06
    -0.70E+00
    -0.11E+01
    -0.20E+01
    -0.13E+01
    -0.94E+00
    -0.14E-02
    -0.30E-03
 
 
    >>Objective:       5.7634       0.0001       5.7635
   81  0.5763453E+01  0.9965253E-03  0.1423406E-02  0.1841345E-01  0.1000000E-10
 
    >>Normalized Constraint Values:
    -0.99E-06
    -0.70E+00
    -0.11E+01
    -0.20E+01
    -0.13E+01
    -0.94E+00
    -0.14E-02
    -0.30E-03
 
 
    >>Objective:       5.7624       0.0001       5.7625
   82  0.5762473E+01  0.8417436E-03  0.1369960E-02  0.6458550E-02  0.1000000E-10
 
    >>Normalized Constraint Values:
    -0.98E-06
    -0.70E+00
    -0.11E+01
    -0.20E+01
    -0.13E+01
    -0.95E+00
    -0.13E-02
    -0.30E-03
 
 
    >>Objective:       5.7614       0.0001       5.7615
   83  0.5761526E+01  0.8359461E-03  0.1330880E-02  0.8221053E-02  0.1000000E-10
 
    >>Normalized Constraint Values:
    -0.94E-06
    -0.70E+00
    -0.11E+01
    -0.20E+01
    -0.13E+01
    -0.95E+00
    -0.13E-02
    -0.30E-03
 
 
    >>Objective:       5.7605       0.0001       5.7606
   84  0.5760607E+01  0.1534355E-02  0.1260255E-02  0.2138098E-01  0.1000000E-10
 
    >>Normalized Constraint Values:
    -0.96E-06
    -0.70E+00
    -0.11E+01
    -0.20E+01
    -0.13E+01
    -0.95E+00
    -0.12E-02
    -0.28E-03
 
 
    >>Objective:       5.7596       0.0001       5.7597
   85  0.5759713E+01  0.1760791E-02  0.1203273E-02  0.5939953E-01  0.1000000E-10
 
    >>Normalized Constraint Values:
    -0.85E-06
    -0.70E+00
    -0.11E+01
    -0.20E+01
    -0.13E+01
    -0.95E+00
    -0.11E-02
    -0.29E-03
 
 
    >>Objective:       5.7588       0.0001       5.7589
   86  0.5758874E+01  0.8285764E-03  0.1147442E-02  0.1502627E-01  0.1000000E-10
 
    >>Normalized Constraint Values:
    -0.78E-06
    -0.70E+00
    -0.11E+01
    -0.20E+01
    -0.13E+01
    -0.95E+00
    -0.11E-02
    -0.29E-03
 
 
    >>Objective:       5.7580       0.0001       5.7581
   87  0.5758064E+01  0.5650616E-03  0.1128905E-02  0.1459384E-01  0.1000000E-10
 
    >>Normalized Constraint Values:
    -0.80E-06
    -0.70E+00
    -0.10E+01
    -0.20E+01
    -0.13E+01
    -0.95E+00
    -0.11E-02
    -0.27E-03
 
 
    >>Objective:       5.7572       0.0001       5.7573
   88  0.5757267E+01  0.5555354E-03  0.1104893E-02  0.8811239E-02  0.1000000E-10
 
    >>Normalized Constraint Values:
    -0.78E-06
    -0.70E+00
    -0.10E+01
    -0.20E+01
    -0.13E+01
    -0.95E+00
    -0.11E-02
    -0.31E-03
 
 
    >>Objective:       5.7564       0.0001       5.7565
   89  0.5756500E+01  0.6467575E-03  0.1062445E-02  0.9809116E-03  0.1000000E-10
 
 The solution was found.
 
 The final value of the objective function is    5.75649983384948     
 
 The optimal values of X are:
 
 X  (           1 ) =    3.99983160332769      in^2
 X  (           2 ) =   0.000000000000000E+000 in^2
 X  (           3 ) =   7.005990919731858E-002 in^2
 X  (           4 ) =    45.0494948280867      deg
 X  (           5 ) =    66.9823026366930      deg
 X  (           6 ) =    137.968703099549      deg
 
 The multipliers for the equality constraints are:
 
 LAM(           1 ) =    5.58585705703563     
 LAM(           2 ) =   1.431552226846505E-011
 LAM(           3 ) =   9.527003512627470E-012
 LAM(           4 ) =   4.999899909729767E-012
 LAM(           5 ) =   7.683559444444575E-012
 LAM(           6 ) =   1.052218695865516E-011
 LAM(           7 ) =   0.528778431533482     
 LAM(           8 ) =   0.646040004094149     
 
 Weight and its variance:   5.75640284229073       9.699155874898224E-005
