 >> Number of Processors =   4
 
    >>Normalized Constraint Values:
     0.18E+01     0.52E-01     0.20E+01
    -0.59E+00     0.11E-01    -0.54E+00
    -0.22E+01     0.27E-01    -0.21E+01
    -0.38E+01     0.52E-01    -0.36E+01
    -0.14E+01     0.11E-01    -0.14E+01
     0.17E+00     0.27E-01     0.28E+00
     0.66E+00     0.52E-01     0.87E+00
     0.30E+01     0.67E-01     0.33E+01
 
 
    >>Objective:       3.8299       0.0012       3.8311
    >>Robustness factor:       0.0091
 
 iter    objective      ||grad||        inf_pr          inf_du         lg(mu)
    0  0.3831131E+01  0.0000000E+00  0.3282900E+01  0.9996874E+00  0.1000000E+01
 
    >>Normalized Constraint Values:
     0.82E+00     0.72E-02     0.85E+00
    -0.52E+00     0.83E-02    -0.48E+00
    -0.15E+01     0.44E-01    -0.13E+01
    -0.28E+01     0.72E-02    -0.28E+01
    -0.15E+01     0.83E-02    -0.15E+01
    -0.49E+00     0.44E-01    -0.31E+00
     0.42E+00     0.72E-01     0.71E+00
     0.10E+01     0.62E-01     0.13E+01
 
 
    >>Objective:       4.9500       0.0057       4.9557
    >>Robustness factor:       0.0153
    1  0.4955680E+01  0.2260913E+01  0.1632390E+01  0.5743800E+01  0.3853366E+00
 
    >>Normalized Constraint Values:
     0.69E+00     0.76E-02     0.72E+00
    -0.54E+00     0.10E-01    -0.50E+00
    -0.13E+01     0.37E-01    -0.12E+01
    -0.27E+01     0.76E-02    -0.27E+01
    -0.15E+01     0.10E-01    -0.14E+01
    -0.66E+00     0.37E-01    -0.51E+00
     0.44E+00     0.59E-01     0.68E+00
     0.78E+00     0.41E-01     0.95E+00
 
 
    >>Objective:       5.4225       0.0048       5.4273
    >>Robustness factor:       0.0128
    2  0.5427263E+01  0.1002113E+01  0.1069480E+01  0.2375881E+01  0.6267036E+00
 
    >>Normalized Constraint Values:
     0.36E+00     0.49E-02     0.38E+00
    -0.66E+00     0.46E-02    -0.64E+00
    -0.13E+01     0.37E-01    -0.12E+01
    -0.24E+01     0.49E-02    -0.23E+01
    -0.13E+01     0.46E-02    -0.13E+01
    -0.66E+00     0.37E-01    -0.51E+00
    -0.61E-01     0.37E-01     0.87E-01
     0.56E+00     0.47E-01     0.75E+00
 
 
    >>Objective:       6.4508       0.0049       6.4557
    >>Robustness factor:       0.0108
    3  0.6455659E+01  0.2126496E+01  0.7517750E+00  0.7336008E+01  0.2412425E+00
 
    >>Normalized Constraint Values:
     0.23E+00     0.44E-02     0.24E+00
    -0.70E+00     0.45E-02    -0.68E+00
    -0.13E+01     0.26E-01    -0.12E+01
    -0.22E+01     0.44E-02    -0.22E+01
    -0.13E+01     0.45E-02    -0.13E+01
    -0.72E+00     0.26E-01    -0.62E+00
    -0.97E-01     0.29E-01     0.19E-01
     0.31E+00     0.36E-01     0.46E+00
 
 
    >>Objective:       8.0956       0.0100       8.1055
    >>Robustness factor:       0.0123
    4  0.8105545E+01  0.1985520E+01  0.4697099E+00  0.2875967E+01  0.1781679E+00
 
    >>Normalized Constraint Values:
     0.87E-01     0.43E-02     0.10E+00
    -0.73E+00     0.34E-02    -0.71E+00
    -0.12E+01     0.18E-01    -0.12E+01
    -0.21E+01     0.43E-02    -0.21E+01
    -0.13E+01     0.34E-02    -0.13E+01
    -0.77E+00     0.18E-01    -0.70E+00
    -0.15E+00     0.23E-01    -0.57E-01
     0.61E-01     0.27E-01     0.17E+00
 
 
    >>Objective:      11.2625       0.0374      11.2999
    >>Robustness factor:       0.0172
    5  0.1129988E+02  0.1798919E+01  0.1705603E+00  0.4818521E+01  0.7553852E-01
 
    >>Normalized Constraint Values:
    -0.11E-01     0.38E-02     0.39E-02
    -0.75E+00     0.32E-02    -0.74E+00
    -0.12E+01     0.14E-01    -0.11E+01
    -0.20E+01     0.38E-02    -0.20E+01
    -0.13E+01     0.32E-02    -0.12E+01
    -0.82E+00     0.14E-01    -0.77E+00
    -0.19E+00     0.20E-01    -0.12E+00
    -0.79E-01     0.22E-01     0.79E-02
 
 
    >>Objective:      13.4511       0.0546      13.5057
    >>Robustness factor:       0.0174
    6  0.1350575E+02  0.1037486E+01  0.1134805E+00  0.1670155E+01  0.2597179E-01
 
    >>Normalized Constraint Values:
    -0.14E-01     0.26E-02    -0.32E-02
    -0.74E+00     0.43E-02    -0.72E+00
    -0.11E+01     0.16E-01    -0.11E+01
    -0.20E+01     0.26E-02    -0.20E+01
    -0.13E+01     0.43E-02    -0.12E+01
    -0.86E+00     0.16E-01    -0.79E+00
    -0.16E+00     0.26E-01    -0.54E-01
    -0.73E-01     0.21E-01     0.11E-01
 
 
    >>Objective:      12.0411       0.0308      12.0719
    >>Robustness factor:       0.0146
    7  0.1207194E+02  0.6204132E+00  0.5327587E-01  0.9377357E+01  0.2499500E-02
 
    >>Normalized Constraint Values:
    -0.99E-02     0.25E-02     0.16E-03
    -0.73E+00     0.48E-02    -0.72E+00
    -0.11E+01     0.19E-01    -0.11E+01
    -0.20E+01     0.25E-02    -0.20E+01
    -0.13E+01     0.48E-02    -0.12E+01
    -0.85E+00     0.19E-01    -0.78E+00
    -0.14E+00     0.32E-01    -0.13E-01
    -0.77E-01     0.23E-01     0.15E-01
 
 
    >>Objective:      11.3711       0.0295      11.4006
    >>Robustness factor:       0.0151
    8  0.1140065E+02  0.5855129E+00  0.1479825E-01  0.3153019E+01  0.6652846E-03
 
    >>Normalized Constraint Values:
    -0.12E-01     0.27E-02    -0.95E-03
    -0.73E+00     0.55E-02    -0.71E+00
    -0.12E+01     0.19E-01    -0.11E+01
    -0.20E+01     0.27E-02    -0.20E+01
    -0.13E+01     0.55E-02    -0.12E+01
    -0.85E+00     0.19E-01    -0.77E+00
    -0.13E+00     0.33E-01     0.40E-03
    -0.92E-01     0.23E-01     0.18E-02
 
 
    >>Objective:      11.5293       0.0339      11.5632
    >>Robustness factor:       0.0160
    9  0.1156323E+02  0.4297412E-01  0.1814612E-02  0.1146396E+01  0.6655438E-03
 
    >>Normalized Constraint Values:
    -0.11E-01     0.26E-02    -0.72E-03
    -0.73E+00     0.53E-02    -0.71E+00
    -0.11E+01     0.19E-01    -0.11E+01
    -0.20E+01     0.26E-02    -0.20E+01
    -0.13E+01     0.53E-02    -0.12E+01
    -0.85E+00     0.19E-01    -0.78E+00
    -0.13E+00     0.33E-01     0.26E-02
    -0.92E-01     0.23E-01    -0.79E-03
 
 
    >>Objective:      11.5673       0.0335      11.6009
    >>Robustness factor:       0.0158
 
    >>Normalized Constraint Values:
    -0.11E-01     0.26E-02    -0.56E-03
    -0.73E+00     0.53E-02    -0.71E+00
    -0.11E+01     0.19E-01    -0.11E+01
    -0.20E+01     0.26E-02    -0.20E+01
    -0.13E+01     0.53E-02    -0.12E+01
    -0.85E+00     0.19E-01    -0.78E+00
    -0.13E+00     0.33E-01     0.85E-03
    -0.92E-01     0.23E-01    -0.39E-03
 
 
    >>Objective:      11.5764       0.0334      11.6098
    >>Robustness factor:       0.0158
   10  0.1160985E+02  0.5053518E-01  0.8556163E-03  0.3920035E+00  0.7151331E-04
 
    >>Normalized Constraint Values:
    -0.11E-01     0.26E-02    -0.19E-03
    -0.73E+00     0.53E-02    -0.71E+00
    -0.11E+01     0.19E-01    -0.11E+01
    -0.20E+01     0.26E-02    -0.20E+01
    -0.13E+01     0.53E-02    -0.12E+01
    -0.85E+00     0.19E-01    -0.78E+00
    -0.13E+00     0.33E-01     0.77E-03
    -0.92E-01     0.23E-01     0.16E-03
 
 
    >>Objective:      11.5759       0.0336      11.6095
    >>Robustness factor:       0.0158
   11  0.1160952E+02  0.6478408E-02  0.7683332E-03  0.6269755E-01  0.1388675E-05
 
    >>Normalized Constraint Values:
    -0.11E-01     0.26E-02    -0.43E-04
    -0.73E+00     0.53E-02    -0.71E+00
    -0.11E+01     0.19E-01    -0.11E+01
    -0.20E+01     0.26E-02    -0.20E+01
    -0.13E+01     0.53E-02    -0.12E+01
    -0.85E+00     0.19E-01    -0.78E+00
    -0.13E+00     0.33E-01     0.72E-03
    -0.92E-01     0.23E-01     0.23E-03
 
 
    >>Objective:      11.5873       0.0340      11.6213
    >>Robustness factor:       0.0159
   12  0.1162132E+02  0.5159324E-02  0.7228871E-03  0.1432044E+00  0.9539994E-07
 
    >>Normalized Constraint Values:
    -0.11E-01     0.27E-02     0.13E-04
    -0.73E+00     0.56E-02    -0.71E+00
    -0.12E+01     0.19E-01    -0.11E+01
    -0.20E+01     0.27E-02    -0.20E+01
    -0.13E+01     0.55E-02    -0.12E+01
    -0.85E+00     0.19E-01    -0.77E+00
    -0.13E+00     0.33E-01     0.56E-03
    -0.92E-01     0.23E-01     0.31E-04
 
 
    >>Objective:      11.5979       0.0344      11.6323
    >>Robustness factor:       0.0160
 
    >>Normalized Constraint Values:
    -0.11E-01     0.27E-02    -0.14E-04
    -0.74E+00     0.55E-02    -0.71E+00
    -0.12E+01     0.19E-01    -0.11E+01
    -0.20E+01     0.27E-02    -0.20E+01
    -0.13E+01     0.55E-02    -0.12E+01
    -0.85E+00     0.19E-01    -0.77E+00
    -0.13E+00     0.33E-01     0.64E-04
    -0.92E-01     0.23E-01     0.10E-04
 
 
    >>Objective:      11.6046       0.0345      11.6390
    >>Robustness factor:       0.0160
   13  0.1163903E+02  0.2495347E-01  0.8771360E-04  0.3209433E+00  0.7807161E-08
 
    >>Normalized Constraint Values:
    -0.11E-01     0.26E-02     0.78E-05
    -0.74E+00     0.64E-02    -0.71E+00
    -0.12E+01     0.19E-01    -0.11E+01
    -0.20E+01     0.26E-02    -0.20E+01
    -0.13E+01     0.64E-02    -0.12E+01
    -0.85E+00     0.19E-01    -0.78E+00
    -0.13E+00     0.33E-01     0.91E-04
    -0.92E-01     0.23E-01     0.55E-03
 
 
    >>Objective:      11.5992       0.0342      11.6334
    >>Robustness factor:       0.0159
   14  0.1163338E+02  0.8720604E-01  0.2528305E-02  0.7768323E+00  0.1797406E-08
 
    >>Normalized Constraint Values:
    -0.11E-01     0.26E-02    -0.11E-04
    -0.74E+00     0.64E-02    -0.71E+00
    -0.11E+01     0.19E-01    -0.11E+01
    -0.20E+01     0.26E-02    -0.20E+01
    -0.13E+01     0.64E-02    -0.12E+01
    -0.85E+00     0.19E-01    -0.78E+00
    -0.13E+00     0.33E-01     0.26E-03
    -0.92E-01     0.23E-01    -0.30E-03
 
 
    >>Objective:      11.6023       0.0341      11.6364
    >>Robustness factor:       0.0159
   15  0.1163640E+02  0.1205253E-01  0.1957181E-02  0.2633123E+00  0.9454860E-08
 
    >>Normalized Constraint Values:
    -0.10E-01     0.26E-02    -0.19E-05
    -0.74E+00     0.64E-02    -0.71E+00
    -0.11E+01     0.19E-01    -0.11E+01
    -0.20E+01     0.26E-02    -0.20E+01
    -0.13E+01     0.64E-02    -0.12E+01
    -0.85E+00     0.19E-01    -0.78E+00
    -0.13E+00     0.33E-01     0.70E-04
    -0.92E-01     0.23E-01    -0.11E-03
 
 
    >>Objective:      11.5982       0.0337      11.6319
    >>Robustness factor:       0.0158
   16  0.1163188E+02  0.8693848E-02  0.1914630E-03  0.1155133E+00  0.9454860E-08
 
    >>Normalized Constraint Values:
    -0.11E-01     0.26E-02     0.22E-04
    -0.74E+00     0.64E-02    -0.71E+00
    -0.11E+01     0.19E-01    -0.11E+01
    -0.20E+01     0.26E-02    -0.20E+01
    -0.13E+01     0.64E-02    -0.12E+01
    -0.85E+00     0.19E-01    -0.78E+00
    -0.13E+00     0.33E-01    -0.21E-03
    -0.91E-01     0.23E-01     0.29E-03
 
 
    >>Objective:      11.5961       0.0339      11.6301
    >>Robustness factor:       0.0159
   17  0.1163006E+02  0.3460470E-02  0.2907069E-03  0.1244283E+00  0.2086134E-09
 
    >>Normalized Constraint Values:
    -0.11E-01     0.26E-02    -0.50E-04
    -0.74E+00     0.65E-02    -0.71E+00
    -0.12E+01     0.19E-01    -0.11E+01
    -0.20E+01     0.27E-02    -0.20E+01
    -0.13E+01     0.64E-02    -0.12E+01
    -0.85E+00     0.19E-01    -0.77E+00
    -0.13E+00     0.33E-01    -0.12E-03
    -0.92E-01     0.23E-01     0.22E-03
 
 
    >>Objective:      11.5995       0.0343      11.6338
    >>Robustness factor:       0.0160
 
    >>Normalized Constraint Values:
    -0.11E-01     0.27E-02     0.21E-04
    -0.74E+00     0.64E-02    -0.71E+00
    -0.12E+01     0.19E-01    -0.11E+01
    -0.20E+01     0.27E-02    -0.20E+01
    -0.13E+01     0.64E-02    -0.12E+01
    -0.85E+00     0.19E-01    -0.77E+00
    -0.13E+00     0.33E-01     0.64E-04
    -0.92E-01     0.23E-01     0.19E-03
 
 
    >>Objective:      11.6032       0.0345      11.6377
    >>Robustness factor:       0.0160
   18  0.1163772E+02  0.1314816E-01  0.1898093E-03  0.3141896E+00  0.4278586E-09
 
    >>Normalized Constraint Values:
    -0.11E-01     0.26E-02     0.12E-04
    -0.74E+00     0.64E-02    -0.71E+00
    -0.11E+01     0.19E-01    -0.11E+01
    -0.20E+01     0.26E-02    -0.20E+01
    -0.13E+01     0.64E-02    -0.12E+01
    -0.85E+00     0.19E-01    -0.78E+00
    -0.13E+00     0.33E-01     0.53E-03
    -0.92E-01     0.23E-01    -0.31E-03
 
 
    >>Objective:      11.6077       0.0342      11.6419
    >>Robustness factor:       0.0159
 
    >>Normalized Constraint Values:
    -0.11E-01     0.26E-02    -0.16E-04
    -0.74E+00     0.64E-02    -0.71E+00
    -0.11E+01     0.19E-01    -0.11E+01
    -0.20E+01     0.26E-02    -0.20E+01
    -0.13E+01     0.64E-02    -0.12E+01
    -0.85E+00     0.19E-01    -0.78E+00
    -0.13E+00     0.33E-01    -0.22E-03
    -0.92E-01     0.23E-01    -0.22E-04
 
 
    >>Objective:      11.6064       0.0341      11.6405
    >>Robustness factor:       0.0159
 
    >>Normalized Constraint Values:
    -0.11E-01     0.26E-02     0.42E-05
    -0.74E+00     0.64E-02    -0.71E+00
    -0.11E+01     0.19E-01    -0.11E+01
    -0.20E+01     0.26E-02    -0.20E+01
    -0.13E+01     0.64E-02    -0.12E+01
    -0.85E+00     0.19E-01    -0.78E+00
    -0.13E+00     0.33E-01     0.11E-03
    -0.92E-01     0.23E-01    -0.26E-03
 
 
    >>Objective:      11.6035       0.0341      11.6376
    >>Robustness factor:       0.0159
   19  0.1163759E+02  0.1347426E-01  0.2580770E-03  0.1183004E+00  0.2176673E-10
 
    >>Normalized Constraint Values:
    -0.11E-01     0.26E-02     0.16E-04
    -0.74E+00     0.64E-02    -0.71E+00
    -0.11E+01     0.19E-01    -0.11E+01
    -0.20E+01     0.26E-02    -0.20E+01
    -0.13E+01     0.64E-02    -0.12E+01
    -0.85E+00     0.19E-01    -0.78E+00
    -0.13E+00     0.33E-01    -0.29E-03
    -0.92E-01     0.23E-01     0.59E-03
 
 
    >>Objective:      11.5988       0.0340      11.6328
    >>Robustness factor:       0.0159
   20  0.1163281E+02  0.1929261E-02  0.5882456E-03  0.1193053E+00  0.1000000E-10
 
    >>Normalized Constraint Values:
    -0.11E-01     0.26E-02     0.12E-04
    -0.74E+00     0.64E-02    -0.71E+00
    -0.11E+01     0.19E-01    -0.11E+01
    -0.20E+01     0.26E-02    -0.20E+01
    -0.13E+01     0.65E-02    -0.12E+01
    -0.85E+00     0.19E-01    -0.78E+00
    -0.13E+00     0.33E-01     0.27E-03
    -0.92E-01     0.23E-01    -0.52E-03
 
 
    >>Objective:      11.6090       0.0342      11.6432
    >>Robustness factor:       0.0159
   21  0.1164323E+02  0.3618525E-02  0.5214194E-03  0.7462207E-01  0.1000000E-10
 
    >>Normalized Constraint Values:
    -0.11E-01     0.26E-02    -0.13E-04
    -0.74E+00     0.64E-02    -0.71E+00
    -0.11E+01     0.19E-01    -0.11E+01
    -0.20E+01     0.26E-02    -0.20E+01
    -0.13E+01     0.64E-02    -0.12E+01
    -0.85E+00     0.19E-01    -0.78E+00
    -0.13E+00     0.33E-01    -0.31E-03
    -0.92E-01     0.23E-01     0.12E-03
 
 
    >>Objective:      11.6001       0.0340      11.6340
    >>Robustness factor:       0.0159
   22  0.1163402E+02  0.1586192E-02  0.3051843E-03  0.1026609E+00  0.1000000E-10
 
    >>Normalized Constraint Values:
    -0.11E-01     0.26E-02    -0.50E-05
    -0.74E+00     0.64E-02    -0.71E+00
    -0.11E+01     0.19E-01    -0.11E+01
    -0.20E+01     0.26E-02    -0.20E+01
    -0.13E+01     0.64E-02    -0.12E+01
    -0.85E+00     0.19E-01    -0.78E+00
    -0.13E+00     0.33E-01     0.52E-04
    -0.92E-01     0.23E-01    -0.43E-04
 
 
    >>Objective:      11.5996       0.0341      11.6336
    >>Robustness factor:       0.0159
   23  0.1163365E+02  0.3821310E-03  0.5174027E-04  0.3346661E-01  0.1000000E-10
 
 The solution was found.
 
 The final value of the objective function is    11.6336487006667     
 
 The optimal values of X are:
 
 X  (           1 ) =    3.97403415626289      in^2
 X  (           2 ) =   0.000000000000000E+000 in^2
 X  (           3 ) =    3.69012517027003      in^2
 X  (           4 ) =    52.9113290224332      deg
 X  (           5 ) =    74.6273115817114      deg
 X  (           6 ) =    146.067827982405      deg
 
 The multipliers for the equality constraints are:
 
 LAM(           1 ) =   0.119712657598060     
 LAM(           2 ) =   1.400250293408966E-011
 LAM(           3 ) =   9.303206173855288E-012
 LAM(           4 ) =   5.053097165902109E-012
 LAM(           5 ) =   8.100954416060466E-012
 LAM(           6 ) =   1.288594857816171E-011
 LAM(           7 ) =    10.6440213464001     
 LAM(           8 ) =    22.8407115663766     
 
 Weight and its variance:   11.5995760177517       3.407268291502419E-002
