 >> Number of Processors =   4
 
    >>Normalized Constraint Values:
     0.18E+01     0.52E-01     0.20E+01
    -0.59E+00     0.11E-01    -0.55E+00
    -0.22E+01     0.27E-01    -0.21E+01
    -0.38E+01     0.52E-01    -0.37E+01
    -0.14E+01     0.11E-01    -0.14E+01
     0.17E+00     0.27E-01     0.25E+00
     0.66E+00     0.52E-01     0.81E+00
     0.30E+01     0.67E-01     0.32E+01
 
 
    >>Objective:       3.8299       0.0012       3.8311
    >>Robustness factor:       0.0091
 
 iter    objective      ||grad||        inf_pr          inf_du         lg(mu)
    0  0.3831087E+01  0.0000000E+00  0.3215224E+01  0.1037845E+01  0.1000000E+01
 
    >>Normalized Constraint Values:
     0.81E+00     0.76E-02     0.84E+00
    -0.54E+00     0.73E-02    -0.51E+00
    -0.16E+01     0.46E-01    -0.15E+01
    -0.28E+01     0.76E-02    -0.28E+01
    -0.15E+01     0.73E-02    -0.14E+01
    -0.38E+00     0.46E-01    -0.24E+00
     0.25E+00     0.66E-01     0.45E+00
     0.12E+01     0.69E-01     0.14E+01
 
 
    >>Objective:       4.8434       0.0052       4.8486
    >>Robustness factor:       0.0150
    1  0.4848617E+01  0.2215077E+01  0.1692982E+01  0.5737376E+01  0.3369062E+00
 
    >>Normalized Constraint Values:
     0.70E+00     0.79E-02     0.73E+00
    -0.55E+00     0.89E-02    -0.52E+00
    -0.14E+01     0.38E-01    -0.13E+01
    -0.27E+01     0.79E-02    -0.27E+01
    -0.15E+01     0.89E-02    -0.14E+01
    -0.60E+00     0.39E-01    -0.49E+00
     0.37E+00     0.56E-01     0.53E+00
     0.85E+00     0.45E-01     0.98E+00
 
 
    >>Objective:       5.2982       0.0044       5.3026
    >>Robustness factor:       0.0126
    2  0.5302618E+01  0.9808259E+00  0.1198900E+01  0.2643307E+01  0.5997143E+00
 
    >>Normalized Constraint Values:
     0.34E+00     0.66E-02     0.36E+00
    -0.68E+00     0.33E-02    -0.67E+00
    -0.14E+01     0.35E-01    -0.13E+01
    -0.23E+01     0.66E-02    -0.23E+01
    -0.13E+01     0.34E-02    -0.13E+01
    -0.59E+00     0.35E-01    -0.48E+00
    -0.16E+00     0.28E-01    -0.73E-01
     0.64E+00     0.50E-01     0.79E+00
 
 
    >>Objective:       6.5242       0.0044       6.5287
    >>Robustness factor:       0.0102
    3  0.6528653E+01  0.2018276E+01  0.7891385E+00  0.9508604E+01  0.3784441E+00
 
    >>Normalized Constraint Values:
     0.14E+00     0.49E-02     0.15E+00
    -0.73E+00     0.40E-02    -0.71E+00
    -0.13E+01     0.23E-01    -0.12E+01
    -0.21E+01     0.49E-02    -0.21E+01
    -0.13E+01     0.40E-02    -0.13E+01
    -0.72E+00     0.23E-01    -0.65E+00
    -0.18E+00     0.23E-01    -0.12E+00
     0.24E+00     0.33E-01     0.34E+00
 
 
    >>Objective:       8.8920       0.0120       8.9039
    >>Robustness factor:       0.0123
    4  0.8903940E+01  0.1559573E+01  0.3714333E+00  0.3325662E+01  0.2973794E+00
 
    >>Normalized Constraint Values:
     0.54E-01     0.38E-02     0.65E-01
    -0.73E+00     0.25E-02    -0.72E+00
    -0.12E+01     0.20E-01    -0.12E+01
    -0.21E+01     0.38E-02    -0.20E+01
    -0.13E+01     0.25E-02    -0.13E+01
    -0.77E+00     0.20E-01    -0.71E+00
    -0.19E+00     0.24E-01    -0.12E+00
     0.78E-01     0.28E-01     0.16E+00
 
 
    >>Objective:      10.1939       0.0209      10.2148
    >>Robustness factor:       0.0142
    5  0.1021479E+02  0.6683605E+00  0.1635868E+00  0.6025638E+01  0.1092163E+00
 
    >>Normalized Constraint Values:
    -0.22E-01     0.28E-02    -0.13E-01
    -0.74E+00     0.39E-02    -0.73E+00
    -0.12E+01     0.18E-01    -0.11E+01
    -0.20E+01     0.28E-02    -0.20E+01
    -0.13E+01     0.39E-02    -0.12E+01
    -0.83E+00     0.18E-01    -0.78E+00
    -0.18E+00     0.27E-01    -0.10E+00
    -0.61E-01     0.23E-01     0.76E-02
 
 
    >>Objective:      11.4953       0.0288      11.5241
    >>Robustness factor:       0.0148
    6  0.1152408E+02  0.4491057E+00  0.9894186E-01  0.3160498E+01  0.4298825E-01
 
    >>Normalized Constraint Values:
    -0.11E-01     0.21E-02    -0.45E-02
    -0.73E+00     0.51E-02    -0.72E+00
    -0.11E+01     0.20E-01    -0.11E+01
    -0.20E+01     0.21E-02    -0.20E+01
    -0.13E+01     0.51E-02    -0.13E+01
    -0.86E+00     0.20E-01    -0.80E+00
    -0.13E+00     0.33E-01    -0.34E-01
    -0.61E-01     0.23E-01     0.83E-02
 
 
    >>Objective:      10.7721       0.0223      10.7944
    >>Robustness factor:       0.0139
    7  0.1079435E+02  0.6126951E+00  0.3122408E-01  0.7323146E+01  0.1589375E-01
 
    >>Normalized Constraint Values:
    -0.12E-01     0.25E-02    -0.47E-02
    -0.74E+00     0.48E-02    -0.72E+00
    -0.12E+01     0.23E-01    -0.11E+01
    -0.20E+01     0.25E-02    -0.20E+01
    -0.13E+01     0.48E-02    -0.12E+01
    -0.83E+00     0.23E-01    -0.77E+00
    -0.14E+00     0.38E-01    -0.29E-01
    -0.61E-01     0.27E-01     0.21E-01
 
 
    >>Objective:      10.3739       0.0233      10.3972
    >>Robustness factor:       0.0147
    8  0.1039722E+02  0.4766740E+00  0.2805734E-01  0.1107162E+01  0.2702344E-02
 
    >>Normalized Constraint Values:
    -0.18E-01     0.22E-02    -0.12E-01
    -0.73E+00     0.56E-02    -0.72E+00
    -0.11E+01     0.22E-01    -0.11E+01
    -0.20E+01     0.22E-02    -0.20E+01
    -0.13E+01     0.57E-02    -0.13E+01
    -0.86E+00     0.22E-01    -0.79E+00
    -0.13E+00     0.38E-01    -0.13E-01
    -0.76E-01     0.25E-01    -0.52E-03
 
 
    >>Objective:      10.4884       0.0225      10.5109
    >>Robustness factor:       0.0143
    9  0.1051091E+02  0.9179744E-01  0.1218608E-01  0.3758734E+00  0.1171845E-01
 
    >>Normalized Constraint Values:
    -0.11E-01     0.22E-02    -0.46E-02
    -0.73E+00     0.60E-02    -0.71E+00
    -0.11E+01     0.23E-01    -0.11E+01
    -0.20E+01     0.22E-02    -0.20E+01
    -0.13E+01     0.60E-02    -0.13E+01
    -0.86E+00     0.23E-01    -0.79E+00
    -0.11E+00     0.40E-01     0.77E-02
    -0.75E-01     0.26E-01     0.22E-02
 
 
    >>Objective:      10.3481       0.0221      10.3702
    >>Robustness factor:       0.0144
   10  0.1037023E+02  0.9763983E-01  0.7904959E-02  0.5225202E+00  0.5964473E-03
 
    >>Normalized Constraint Values:
    -0.72E-02     0.24E-02     0.53E-04
    -0.73E+00     0.59E-02    -0.71E+00
    -0.11E+01     0.23E-01    -0.11E+01
    -0.20E+01     0.24E-02    -0.20E+01
    -0.13E+01     0.59E-02    -0.13E+01
    -0.85E+00     0.23E-01    -0.78E+00
    -0.11E+00     0.40E-01     0.14E-01
    -0.78E-01     0.26E-01     0.74E-03
 
 
    >>Objective:      10.4367       0.0242      10.4609
    >>Robustness factor:       0.0149
 
    >>Normalized Constraint Values:
    -0.72E-02     0.24E-02     0.32E-04
    -0.73E+00     0.58E-02    -0.71E+00
    -0.11E+01     0.23E-01    -0.11E+01
    -0.20E+01     0.24E-02    -0.20E+01
    -0.13E+01     0.58E-02    -0.13E+01
    -0.85E+00     0.23E-01    -0.79E+00
    -0.11E+00     0.40E-01     0.11E-01
    -0.78E-01     0.26E-01    -0.41E-03
 
 
    >>Objective:      10.4969       0.0245      10.5213
    >>Robustness factor:       0.0149
   11  0.1052133E+02  0.2913554E-01  0.1132086E-01  0.5755515E+00  0.5074996E-03
 
    >>Normalized Constraint Values:
    -0.72E-02     0.24E-02    -0.28E-04
    -0.73E+00     0.57E-02    -0.71E+00
    -0.11E+01     0.22E-01    -0.11E+01
    -0.20E+01     0.24E-02    -0.20E+01
    -0.13E+01     0.57E-02    -0.13E+01
    -0.85E+00     0.22E-01    -0.79E+00
    -0.11E+00     0.39E-01     0.54E-02
    -0.78E-01     0.26E-01    -0.16E-02
 
 
    >>Objective:      10.5875       0.0250      10.6124
    >>Robustness factor:       0.0149
   12  0.1061244E+02  0.6416926E-01  0.5450577E-02  0.2167850E+00  0.2495316E-04
 
    >>Normalized Constraint Values:
    -0.72E-02     0.24E-02    -0.87E-05
    -0.73E+00     0.55E-02    -0.71E+00
    -0.11E+01     0.22E-01    -0.11E+01
    -0.20E+01     0.24E-02    -0.20E+01
    -0.13E+01     0.54E-02    -0.13E+01
    -0.85E+00     0.22E-01    -0.79E+00
    -0.11E+00     0.38E-01     0.17E-02
    -0.77E-01     0.25E-01    -0.58E-03
 
 
    >>Objective:      10.6054       0.0250      10.6304
    >>Robustness factor:       0.0149
   13  0.1063042E+02  0.2053547E-01  0.1744840E-02  0.2785951E+00  0.8900785E-06
 
    >>Normalized Constraint Values:
    -0.72E-02     0.24E-02    -0.58E-05
    -0.73E+00     0.55E-02    -0.71E+00
    -0.11E+01     0.22E-01    -0.11E+01
    -0.20E+01     0.24E-02    -0.20E+01
    -0.13E+01     0.55E-02    -0.13E+01
    -0.85E+00     0.22E-01    -0.79E+00
    -0.11E+00     0.38E-01     0.53E-03
    -0.76E-01     0.25E-01    -0.19E-03
 
 
    >>Objective:      10.6098       0.0250      10.6348
    >>Robustness factor:       0.0149
   14  0.1063477E+02  0.1071750E-01  0.5291482E-03  0.7984578E-01  0.6875498E-06
 
    >>Normalized Constraint Values:
    -0.72E-02     0.24E-02    -0.14E-04
    -0.73E+00     0.55E-02    -0.71E+00
    -0.11E+01     0.22E-01    -0.11E+01
    -0.20E+01     0.24E-02    -0.20E+01
    -0.13E+01     0.55E-02    -0.13E+01
    -0.85E+00     0.22E-01    -0.79E+00
    -0.11E+00     0.38E-01     0.16E-03
    -0.76E-01     0.25E-01    -0.26E-04
 
 
    >>Objective:      10.6107       0.0251      10.6358
    >>Robustness factor:       0.0149
   15  0.1063577E+02  0.3132919E-02  0.1597767E-03  0.6087954E-01  0.1314852E-07
 
    >>Normalized Constraint Values:
    -0.72E-02     0.24E-02     0.10E-04
    -0.73E+00     0.54E-02    -0.71E+00
    -0.11E+01     0.22E-01    -0.11E+01
    -0.20E+01     0.24E-02    -0.20E+01
    -0.13E+01     0.54E-02    -0.13E+01
    -0.85E+00     0.22E-01    -0.79E+00
    -0.11E+00     0.38E-01     0.68E-04
    -0.76E-01     0.25E-01     0.85E-04
 
 
    >>Objective:      10.6114       0.0249      10.6363
    >>Robustness factor:       0.0149
   16  0.1063630E+02  0.1072491E-01  0.8477584E-04  0.6857805E-01  0.2778648E-09
 
    >>Normalized Constraint Values:
    -0.71E-02     0.24E-02     0.26E-04
    -0.73E+00     0.49E-02    -0.72E+00
    -0.11E+01     0.22E-01    -0.11E+01
    -0.20E+01     0.24E-02    -0.20E+01
    -0.13E+01     0.49E-02    -0.13E+01
    -0.85E+00     0.22E-01    -0.79E+00
    -0.11E+00     0.38E-01     0.23E-03
    -0.76E-01     0.25E-01    -0.71E-04
 
 
    >>Objective:      10.6094       0.0247      10.6340
    >>Robustness factor:       0.0148
   17  0.1063404E+02  0.2079628E+02  0.1058887E-02  0.7336743E+00  0.4025171E-07
 
    >>Normalized Constraint Values:
    -0.71E-02     0.24E-02     0.36E-04
    -0.73E+00     0.49E-02    -0.72E+00
    -0.11E+01     0.22E-01    -0.11E+01
    -0.20E+01     0.24E-02    -0.20E+01
    -0.13E+01     0.49E-02    -0.13E+01
    -0.85E+00     0.22E-01    -0.79E+00
    -0.11E+00     0.38E-01     0.16E-03
    -0.76E-01     0.25E-01    -0.12E-03
 
 
    >>Objective:      10.6094       0.0248      10.6342
    >>Robustness factor:       0.0149
   18  0.1063419E+02  0.3190392E-01  0.1021798E-02  0.1403522E+00  0.6338800E-06
 
    >>Normalized Constraint Values:
    -0.71E-02     0.24E-02    -0.25E-04
    -0.73E+00     0.49E-02    -0.72E+00
    -0.11E+01     0.22E-01    -0.11E+01
    -0.20E+01     0.24E-02    -0.20E+01
    -0.13E+01     0.49E-02    -0.13E+01
    -0.85E+00     0.22E-01    -0.79E+00
    -0.11E+00     0.38E-01    -0.19E-03
    -0.76E-01     0.25E-01     0.58E-04
 
 
    >>Objective:      10.6084       0.0247      10.6331
    >>Robustness factor:       0.0148
   19  0.1063309E+02  0.1007375E-02  0.1912060E-03  0.3274449E+00  0.9327012E-06
 
    >>Normalized Constraint Values:
    -0.71E-02     0.24E-02     0.26E-04
    -0.73E+00     0.49E-02    -0.72E+00
    -0.11E+01     0.22E-01    -0.11E+01
    -0.20E+01     0.24E-02    -0.20E+01
    -0.13E+01     0.49E-02    -0.13E+01
    -0.85E+00     0.22E-01    -0.79E+00
    -0.11E+00     0.38E-01     0.14E-03
    -0.76E-01     0.25E-01     0.18E-03
 
 
    >>Objective:      10.6077       0.0248      10.6325
    >>Robustness factor:       0.0148
   20  0.1063247E+02  0.8814014E-03  0.1766919E-03  0.3452644E+00  0.2431104E-05
 
 The solution was found.
 
 The final value of the objective function is    10.6324677794528     
 
 The optimal values of X are:
 
 X  (           1 ) =    3.97112080874121      in^2
 X  (           2 ) =   1.220185055202842E-006 in^2
 X  (           3 ) =    3.13646207165709      in^2
 X  (           4 ) =    51.6073930193050      deg
 X  (           5 ) =    60.0468529770826      deg
 X  (           6 ) =    145.481543325866      deg
 
 The multipliers for the equality constraints are:
 
 LAM(           1 ) =   0.468196219970541     
 LAM(           2 ) =   3.380232492256330E-006
 LAM(           3 ) =   2.248699482242427E-006
 LAM(           4 ) =   1.224250733290725E-006
 LAM(           5 ) =   1.942833029357958E-006
 LAM(           6 ) =   3.089280209009238E-006
 LAM(           7 ) =    9.19203099687539     
 LAM(           8 ) =    19.8316078680588     
 
 Weight and its variance:   10.6077057592511       2.476202020169183E-002
