 >> Number of Processors =   4
 
    >>Normalized Constraint Values:
     0.18E+01     0.52E-01     0.18E+01
    -0.59E+00     0.11E-01    -0.59E+00
    -0.22E+01     0.27E-01    -0.22E+01
    -0.38E+01     0.52E-01    -0.38E+01
    -0.14E+01     0.11E-01    -0.14E+01
     0.17E+00     0.27E-01     0.17E+00
     0.66E+00     0.52E-01     0.66E+00
     0.30E+01     0.68E-01     0.30E+01
 
 
    >>Objective:       3.8299       0.0012       3.8312
    >>Robustness factor:       0.0092
 
 iter    objective      ||grad||        inf_pr          inf_du         lg(mu)
    0  0.3831164E+01  0.0000000E+00  0.3013208E+01  0.1168589E+01  0.1000000E+01
 
    >>Normalized Constraint Values:
     0.80E+00     0.10E-01     0.80E+00
    -0.59E+00     0.65E-02    -0.59E+00
    -0.20E+01     0.53E-01    -0.20E+01
    -0.28E+01     0.10E-01    -0.28E+01
    -0.14E+01     0.65E-02    -0.14E+01
    -0.43E-01     0.53E-01    -0.43E-01
    -0.18E+00     0.55E-01    -0.18E+00
     0.17E+01     0.94E-01     0.17E+01
 
 
    >>Objective:       4.5533       0.0041       4.5574
    >>Robustness factor:       0.0141
    1  0.4557402E+01  0.2064520E+01  0.1898656E+01  0.6366285E+01  0.2231963E+00
 
    >>Normalized Constraint Values:
     0.76E+00     0.96E-02     0.76E+00
    -0.58E+00     0.57E-02    -0.58E+00
    -0.17E+01     0.47E-01    -0.17E+01
    -0.28E+01     0.97E-02    -0.28E+01
    -0.14E+01     0.57E-02    -0.14E+01
    -0.28E+00     0.47E-01    -0.28E+00
     0.41E-01     0.46E-01     0.41E-01
     0.13E+01     0.68E-01     0.13E+01
 
 
    >>Objective:       4.7502       0.0033       4.7534
    >>Robustness factor:       0.0121
    2  0.4753445E+01  0.8616105E+00  0.1545996E+01  0.7172883E+01  0.5386201E+00
 
    >>Normalized Constraint Values:
     0.38E+00     0.66E-02     0.38E+00
    -0.67E+00     0.34E-02    -0.67E+00
    -0.16E+01     0.37E-01    -0.16E+01
    -0.24E+01     0.66E-02    -0.24E+01
    -0.13E+01     0.34E-02    -0.13E+01
    -0.45E+00     0.37E-01    -0.45E+00
    -0.18E+00     0.33E-01    -0.18E+00
     0.76E+00     0.55E-01     0.76E+00
 
 
    >>Objective:       6.1875       0.0055       6.1930
    >>Robustness factor:       0.0119
    3  0.6193001E+01  0.1313872E+01  0.9172053E+00  0.3754520E+01  0.3981038E+00
 
    >>Normalized Constraint Values:
     0.18E+00     0.54E-02     0.18E+00
    -0.71E+00     0.31E-02    -0.71E+00
    -0.14E+01     0.30E-01    -0.14E+01
    -0.22E+01     0.54E-02    -0.22E+01
    -0.13E+01     0.31E-02    -0.13E+01
    -0.57E+00     0.30E-01    -0.57E+00
    -0.26E+00     0.28E-01    -0.26E+00
     0.45E+00     0.44E-01     0.45E+00
 
 
    >>Objective:       7.4404       0.0082       7.4486
    >>Robustness factor:       0.0122
    4  0.7448615E+01  0.8573264E+00  0.4490963E+00  0.2157550E+01  0.1265990E+00
 
    >>Normalized Constraint Values:
     0.37E-01     0.26E-02     0.37E-01
    -0.73E+00     0.34E-02    -0.73E+00
    -0.12E+01     0.31E-01    -0.12E+01
    -0.20E+01     0.26E-02    -0.20E+01
    -0.13E+01     0.34E-02    -0.13E+01
    -0.76E+00     0.31E-01    -0.76E+00
    -0.22E+00     0.37E-01    -0.22E+00
     0.14E+00     0.36E-01     0.14E+00
 
 
    >>Objective:       8.2943       0.0094       8.3036
    >>Robustness factor:       0.0117
    5  0.8303634E+01  0.9265514E+00  0.2049091E+00  0.5987952E+01  0.1115905E+00
 
    >>Normalized Constraint Values:
    -0.52E-02     0.14E-02    -0.52E-02
    -0.73E+00     0.61E-02    -0.73E+00
    -0.11E+01     0.35E-01    -0.11E+01
    -0.20E+01     0.14E-02    -0.20E+01
    -0.13E+01     0.61E-02    -0.13E+01
    -0.85E+00     0.35E-01    -0.85E+00
    -0.13E+00     0.50E-01    -0.13E+00
     0.15E-01     0.34E-01     0.15E-01
 
 
    >>Objective:       8.3956       0.0106       8.4062
    >>Robustness factor:       0.0123
    6  0.8406199E+01  0.2543339E+00  0.1238674E+00  0.4180682E+01  0.1279298E-01
 
    >>Normalized Constraint Values:
    -0.50E-02     0.95E-03    -0.50E-02
    -0.72E+00     0.81E-02    -0.72E+00
    -0.11E+01     0.44E-01    -0.11E+01
    -0.20E+01     0.95E-03    -0.20E+01
    -0.13E+01     0.81E-02    -0.13E+01
    -0.91E+00     0.44E-01    -0.91E+00
    -0.64E-01     0.64E-01    -0.64E-01
    -0.70E-02     0.39E-01    -0.70E-02
 
 
    >>Objective:       7.9085       0.0104       7.9188
    >>Robustness factor:       0.0129
    7  0.7918849E+01  0.4626998E+00  0.5756614E-01  0.5285733E+01  0.9046587E-02
 
    >>Normalized Constraint Values:
    -0.43E-02     0.90E-03    -0.43E-02
    -0.71E+00     0.88E-02    -0.71E+00
    -0.11E+01     0.50E-01    -0.11E+01
    -0.20E+01     0.90E-03    -0.20E+01
    -0.13E+01     0.88E-02    -0.13E+01
    -0.92E+00     0.50E-01    -0.92E+00
    -0.55E-01     0.70E-01    -0.55E-01
    -0.42E-02     0.44E-01    -0.42E-02
 
 
    >>Objective:       7.6512       0.0101       7.6612
    >>Robustness factor:       0.0131
    8  0.7661225E+01  0.4560194E+00  0.5502891E-01  0.5005277E+01  0.3336541E-02
 
    >>Normalized Constraint Values:
    -0.57E-02     0.27E-02    -0.57E-02
    -0.74E+00     0.15E-01    -0.74E+00
    -0.14E+01     0.13E+00    -0.14E+01
    -0.20E+01     0.27E-02    -0.20E+01
    -0.13E+01     0.15E-01    -0.13E+01
    -0.60E+00     0.13E+00    -0.60E+00
    -0.36E+00     0.17E+00    -0.36E+00
     0.29E+00     0.16E+00     0.29E+00
 
 
    >>Objective:       6.3416       0.0077       6.3493
    >>Robustness factor:       0.0139
    9  0.6349335E+01  0.8822139E+00  0.3585048E+00  0.4547305E+02  0.3391267E-02
 
    >>Normalized Constraint Values:
    -0.25E-02     0.17E-02    -0.25E-02
    -0.71E+00     0.18E-01    -0.71E+00
    -0.12E+01     0.13E+00    -0.12E+01
    -0.20E+01     0.17E-02    -0.20E+01
    -0.13E+01     0.18E-01    -0.13E+01
    -0.85E+00     0.13E+00    -0.85E+00
    -0.77E-01     0.17E+00    -0.77E-01
     0.43E-01     0.14E+00     0.43E-01
 
 
    >>Objective:       6.3969       0.0091       6.4059
    >>Robustness factor:       0.0149
   10  0.6405931E+01  0.7819809E-01  0.7502144E-01  0.7665366E+00  0.9889418E-02
 
    >>Normalized Constraint Values:
    -0.70E-03     0.15E-02    -0.70E-03
    -0.70E+00     0.20E-01    -0.70E+00
    -0.11E+01     0.14E+00    -0.11E+01
    -0.20E+01     0.15E-02    -0.20E+01
    -0.13E+01     0.20E-01    -0.13E+01
    -0.91E+00     0.14E+00    -0.91E+00
    -0.14E-01     0.18E+00    -0.14E-01
    -0.22E-02     0.14E+00    -0.22E-02
 
 
    >>Objective:       6.3712       0.0094       6.3807
    >>Robustness factor:       0.0152
   11  0.6380650E+01  0.6886578E-01  0.1192829E-01  0.1189041E+01  0.2831804E-02
 
    >>Normalized Constraint Values:
    -0.27E-04     0.13E-02    -0.27E-04
    -0.70E+00     0.21E-01    -0.70E+00
    -0.11E+01     0.15E+00    -0.11E+01
    -0.20E+01     0.13E-02    -0.20E+01
    -0.13E+01     0.21E-01    -0.13E+01
    -0.92E+00     0.15E+00    -0.92E+00
    -0.10E-01     0.18E+00    -0.10E-01
    -0.56E-03     0.15E+00    -0.56E-03
 
 
    >>Objective:       6.3219       0.0095       6.3314
    >>Robustness factor:       0.0154
   12  0.6331362E+01  0.2999534E-01  0.1006107E-01  0.1620215E+01  0.5259802E-04
 
    >>Normalized Constraint Values:
    -0.11E-04     0.13E-02    -0.11E-04
    -0.70E+00     0.21E-01    -0.70E+00
    -0.11E+01     0.16E+00    -0.11E+01
    -0.20E+01     0.13E-02    -0.20E+01
    -0.13E+01     0.21E-01    -0.13E+01
    -0.92E+00     0.16E+00    -0.92E+00
    -0.88E-02     0.19E+00    -0.88E-02
    -0.25E-03     0.16E+00    -0.25E-03
 
 
    >>Objective:       6.2876       0.0095       6.2971
    >>Robustness factor:       0.0155
   13  0.6297055E+01  0.2372023E-01  0.8751953E-02  0.1108957E+01  0.3051856E-04
 
    >>Normalized Constraint Values:
    -0.28E-02     0.42E-02    -0.28E-02
    -0.72E+00     0.31E-01    -0.72E+00
    -0.13E+01     0.21E+00    -0.13E+01
    -0.20E+01     0.42E-02    -0.20E+01
    -0.13E+01     0.31E-01    -0.13E+01
    -0.71E+00     0.21E+00    -0.71E+00
    -0.17E+00     0.32E+00    -0.17E+00
     0.14E+00     0.30E+00     0.14E+00
 
 
    >>Objective:       6.1982       0.0088       6.2071
    >>Robustness factor:       0.0152
   14  0.6207079E+01  0.3995937E+00  0.1712491E+00  0.8742296E+01  0.5146117E-04
 
    >>Normalized Constraint Values:
    -0.16E-02     0.18E-02    -0.16E-02
    -0.71E+00     0.26E-01    -0.71E+00
    -0.12E+01     0.21E+00    -0.12E+01
    -0.20E+01     0.18E-02    -0.20E+01
    -0.13E+01     0.26E-01    -0.13E+01
    -0.83E+00     0.21E+00    -0.83E+00
    -0.90E-01     0.25E+00    -0.90E-01
     0.71E-01     0.23E+00     0.71E-01
 
 
    >>Objective:       6.1247       0.0091       6.1339
    >>Robustness factor:       0.0156
   15  0.6133898E+01  0.1473575E+00  0.8968878E-01  0.6143040E+00  0.1024188E-03
 
    >>Normalized Constraint Values:
    -0.35E-04     0.17E-02    -0.35E-04
    -0.70E+00     0.27E-01    -0.70E+00
    -0.11E+01     0.21E+00    -0.11E+01
    -0.20E+01     0.17E-02    -0.20E+01
    -0.13E+01     0.27E-01    -0.13E+01
    -0.91E+00     0.21E+00    -0.91E+00
    -0.53E-02     0.26E+00    -0.53E-02
    -0.42E-03     0.23E+00    -0.42E-03
 
 
    >>Objective:       6.1369       0.0095       6.1464
    >>Robustness factor:       0.0159
   16  0.6146378E+01  0.6844798E-01  0.5279440E-02  0.5903689E+00  0.4911737E-04
 
    >>Normalized Constraint Values:
    -0.64E-05     0.17E-02    -0.64E-05
    -0.70E+00     0.28E-01    -0.70E+00
    -0.11E+01     0.22E+00    -0.11E+01
    -0.20E+01     0.17E-02    -0.20E+01
    -0.13E+01     0.28E-01    -0.13E+01
    -0.91E+00     0.22E+00    -0.91E+00
    -0.49E-02     0.26E+00    -0.49E-02
     0.13E-05     0.23E+00     0.13E-05
 
 
    >>Objective:       6.1253       0.0095       6.1347
    >>Robustness factor:       0.0159
   17  0.6134737E+01  0.7728481E-02  0.4924063E-02  0.1862198E+00  0.1908841E-04
 
    >>Normalized Constraint Values:
    -0.76E-05     0.19E-02    -0.76E-05
    -0.70E+00     0.28E-01    -0.70E+00
    -0.11E+01     0.22E+00    -0.11E+01
    -0.20E+01     0.19E-02    -0.20E+01
    -0.13E+01     0.28E-01    -0.13E+01
    -0.90E+00     0.22E+00    -0.90E+00
    -0.63E-02     0.28E+00    -0.63E-02
     0.60E-03     0.24E+00     0.60E-03
 
 
    >>Objective:       6.1145       0.0094       6.1239
    >>Robustness factor:       0.0159
   18  0.6123931E+01  0.1212680E-01  0.6299382E-02  0.5375256E+00  0.4526007E-05
 
    >>Normalized Constraint Values:
    -0.48E-05     0.19E-02    -0.48E-05
    -0.70E+00     0.29E-01    -0.70E+00
    -0.11E+01     0.23E+00    -0.11E+01
    -0.20E+01     0.19E-02    -0.20E+01
    -0.13E+01     0.29E-01    -0.13E+01
    -0.90E+00     0.23E+00    -0.90E+00
    -0.45E-02     0.28E+00    -0.45E-02
    -0.12E-03     0.25E+00    -0.12E-03
 
 
    >>Objective:       6.1052       0.0095       6.1147
    >>Robustness factor:       0.0159
   19  0.6114659E+01  0.6233962E-02  0.4545519E-02  0.2152695E+00  0.3744728E-06
 
    >>Normalized Constraint Values:
    -0.12E-05     0.19E-02    -0.12E-05
    -0.70E+00     0.29E-01    -0.70E+00
    -0.11E+01     0.23E+00    -0.11E+01
    -0.20E+01     0.19E-02    -0.20E+01
    -0.13E+01     0.29E-01    -0.13E+01
    -0.90E+00     0.23E+00    -0.90E+00
    -0.45E-02     0.29E+00    -0.45E-02
     0.14E-03     0.25E+00     0.14E-03
 
 
    >>Objective:       6.0969       0.0095       6.1064
    >>Robustness factor:       0.0160
   20  0.6106361E+01  0.5863063E-02  0.4454500E-02  0.1872385E+00  0.1811190E-07
 
    >>Normalized Constraint Values:
    -0.14E-05     0.20E-02    -0.14E-05
    -0.70E+00     0.30E-01    -0.70E+00
    -0.11E+01     0.24E+00    -0.11E+01
    -0.20E+01     0.20E-02    -0.20E+01
    -0.13E+01     0.30E-01    -0.13E+01
    -0.89E+00     0.24E+00    -0.89E+00
    -0.45E-02     0.29E+00    -0.45E-02
    -0.57E-04     0.26E+00    -0.57E-04
 
 
    >>Objective:       6.0897       0.0094       6.0991
    >>Robustness factor:       0.0160
   21  0.6099116E+01  0.5916473E-02  0.4518827E-02  0.1563243E+00  0.7644626E-09
 
    >>Normalized Constraint Values:
    -0.14E-04     0.18E-02    -0.14E-04
    -0.70E+00     0.30E-01    -0.70E+00
    -0.11E+01     0.24E+00    -0.11E+01
    -0.20E+01     0.18E-02    -0.20E+01
    -0.13E+01     0.30E-01    -0.13E+01
    -0.90E+00     0.24E+00    -0.90E+00
    -0.31E-02     0.29E+00    -0.31E-02
     0.55E-04     0.26E+00     0.55E-04
 
 
    >>Objective:       6.0821       0.0095       6.0916
    >>Robustness factor:       0.0160
   22  0.6091628E+01  0.1283048E-01  0.3087165E-02  0.2588589E+00  0.2836970E-09
 
    >>Normalized Constraint Values:
    -0.74E-05     0.17E-02    -0.74E-05
    -0.70E+00     0.31E-01    -0.70E+00
    -0.11E+01     0.24E+00    -0.11E+01
    -0.20E+01     0.17E-02    -0.20E+01
    -0.13E+01     0.31E-01    -0.13E+01
    -0.91E+00     0.24E+00    -0.91E+00
    -0.23E-02     0.29E+00    -0.23E-02
     0.30E-03     0.26E+00     0.30E-03
 
 
    >>Objective:       6.0768       0.0095       6.0863
    >>Robustness factor:       0.0161
   23  0.6086294E+01  0.1240325E-01  0.2325683E-02  0.2692993E+00  0.1736179E-10
 
    >>Normalized Constraint Values:
    -0.48E-06     0.17E-02    -0.48E-06
    -0.70E+00     0.31E-01    -0.70E+00
    -0.11E+01     0.24E+00    -0.11E+01
    -0.20E+01     0.17E-02    -0.20E+01
    -0.13E+01     0.31E-01    -0.13E+01
    -0.91E+00     0.24E+00    -0.91E+00
    -0.16E-02     0.29E+00    -0.16E-02
    -0.72E-05     0.26E+00    -0.72E-05
 
 
    >>Objective:       6.0734       0.0095       6.0829
    >>Robustness factor:       0.0161
   24  0.6082866E+01  0.2342395E-02  0.1595767E-02  0.1140347E+00  0.1000000E-10
 
    >>Normalized Constraint Values:
    -0.35E-05     0.17E-02    -0.35E-05
    -0.70E+00     0.32E-01    -0.70E+00
    -0.11E+01     0.25E+00    -0.11E+01
    -0.20E+01     0.17E-02    -0.20E+01
    -0.13E+01     0.32E-01    -0.13E+01
    -0.91E+00     0.25E+00    -0.91E+00
    -0.16E-02     0.30E+00    -0.16E-02
    -0.17E-04     0.26E+00    -0.17E-04
 
 
    >>Objective:       6.0703       0.0095       6.0798
    >>Robustness factor:       0.0161
   25  0.6079766E+01  0.3115074E-02  0.1588110E-02  0.1144024E+00  0.1000000E-10
 
    >>Normalized Constraint Values:
    -0.98E-06     0.18E-02    -0.98E-06
    -0.70E+00     0.32E-01    -0.70E+00
    -0.11E+01     0.25E+00    -0.11E+01
    -0.20E+01     0.18E-02    -0.20E+01
    -0.13E+01     0.33E-01    -0.13E+01
    -0.91E+00     0.25E+00    -0.91E+00
    -0.16E-02     0.30E+00    -0.16E-02
     0.20E-04     0.27E+00     0.20E-04
 
 
    >>Objective:       6.0671       0.0095       6.0766
    >>Robustness factor:       0.0161
   26  0.6076592E+01  0.5284879E-02  0.1576154E-02  0.5776587E-01  0.1000000E-10
 
    >>Normalized Constraint Values:
    -0.13E-02     0.44E-02    -0.13E-02
    -0.71E+00     0.44E-01    -0.71E+00
    -0.12E+01     0.28E+00    -0.12E+01
    -0.20E+01     0.44E-02    -0.20E+01
    -0.13E+01     0.44E-01    -0.13E+01
    -0.77E+00     0.28E+00    -0.77E+00
    -0.85E-01     0.43E+00    -0.85E-01
     0.72E-01     0.40E+00     0.72E-01
 
 
    >>Objective:       6.0775       0.0092       6.0867
    >>Robustness factor:       0.0158
 
    >>Normalized Constraint Values:
    -0.98E-03     0.44E-02    -0.98E-03
    -0.71E+00     0.44E-01    -0.71E+00
    -0.12E+01     0.28E+00    -0.12E+01
    -0.20E+01     0.44E-02    -0.20E+01
    -0.13E+01     0.44E-01    -0.13E+01
    -0.78E+00     0.28E+00    -0.78E+00
    -0.69E-01     0.43E+00    -0.69E-01
     0.58E-01     0.40E+00     0.58E-01
 
 
    >>Objective:       6.0795       0.0092       6.0887
    >>Robustness factor:       0.0158
 
    >>Normalized Constraint Values:
    -0.10E-02     0.44E-02    -0.10E-02
    -0.71E+00     0.44E-01    -0.71E+00
    -0.12E+01     0.28E+00    -0.12E+01
    -0.20E+01     0.44E-02    -0.20E+01
    -0.13E+01     0.44E-01    -0.13E+01
    -0.77E+00     0.28E+00    -0.77E+00
    -0.71E-01     0.43E+00    -0.71E-01
     0.59E-01     0.40E+00     0.59E-01
 
 
    >>Objective:       6.0792       0.0092       6.0884
    >>Robustness factor:       0.0158
 
    >>Normalized Constraint Values:
    -0.31E-03     0.31E-02    -0.31E-03
    -0.70E+00     0.37E-01    -0.70E+00
    -0.12E+01     0.26E+00    -0.12E+01
    -0.20E+01     0.31E-02    -0.20E+01
    -0.13E+01     0.37E-01    -0.13E+01
    -0.84E+00     0.26E+00    -0.84E+00
    -0.23E-01     0.35E+00    -0.23E-01
     0.15E-01     0.32E+00     0.15E-01
 
 
    >>Objective:       6.0670       0.0093       6.0763
    >>Robustness factor:       0.0159
   27  0.6076291E+01  0.1483757E+01  0.2289955E-01  0.2079448E+01  0.9991988E-09
 
    >>Normalized Constraint Values:
    -0.42E-03     0.15E-02    -0.42E-03
    -0.70E+00     0.36E-01    -0.70E+00
    -0.11E+01     0.26E+00    -0.11E+01
    -0.20E+01     0.15E-02    -0.20E+01
    -0.13E+01     0.36E-01    -0.13E+01
    -0.90E+00     0.26E+00    -0.90E+00
    -0.19E-01     0.31E+00    -0.19E-01
     0.17E-01     0.27E+00     0.17E-01
 
 
    >>Objective:       6.0437       0.0095       6.0532
    >>Robustness factor:       0.0161
   28  0.6053160E+01  0.9324997E-01  0.1870624E-01  0.1914333E+00  0.6576005E-09
 
    >>Normalized Constraint Values:
     0.94E-05     0.17E-02     0.94E-05
    -0.70E+00     0.36E-01    -0.70E+00
    -0.11E+01     0.26E+00    -0.11E+01
    -0.20E+01     0.17E-02    -0.20E+01
    -0.13E+01     0.36E-01    -0.13E+01
    -0.91E+00     0.26E+00    -0.91E+00
     0.47E-05     0.31E+00     0.47E-05
    -0.12E-03     0.28E+00    -0.12E-03
 
 
    >>Objective:       6.0471       0.0095       6.0566
    >>Robustness factor:       0.0161
   29  0.6056622E+01  0.8532574E-02  0.1218283E-03  0.2246882E+00  0.5506822E-10
 
    >>Normalized Constraint Values:
    -0.35E-05     0.18E-02    -0.35E-05
    -0.70E+00     0.36E-01    -0.70E+00
    -0.11E+01     0.26E+00    -0.11E+01
    -0.20E+01     0.18E-02    -0.20E+01
    -0.13E+01     0.36E-01    -0.13E+01
    -0.91E+00     0.26E+00    -0.91E+00
    -0.28E-03     0.32E+00    -0.28E-03
     0.29E-04     0.28E+00     0.29E-04
 
 
    >>Objective:       6.0465       0.0095       6.0560
    >>Robustness factor:       0.0161
   30  0.6056030E+01  0.6733645E-02  0.2761924E-03  0.9193622E-01  0.1000000E-10
 
    >>Normalized Constraint Values:
    -0.24E-06     0.18E-02    -0.24E-06
    -0.70E+00     0.36E-01    -0.70E+00
    -0.11E+01     0.26E+00    -0.11E+01
    -0.20E+01     0.18E-02    -0.20E+01
    -0.13E+01     0.36E-01    -0.13E+01
    -0.91E+00     0.26E+00    -0.91E+00
    -0.48E-03     0.32E+00    -0.48E-03
     0.81E-06     0.28E+00     0.81E-06
 
 
    >>Objective:       6.0461       0.0095       6.0556
    >>Robustness factor:       0.0161
   31  0.6055573E+01  0.2371346E-02  0.4782564E-03  0.2480121E-01  0.1000000E-10
 
    >>Normalized Constraint Values:
     0.15E-05     0.18E-02     0.15E-05
    -0.70E+00     0.36E-01    -0.70E+00
    -0.11E+01     0.26E+00    -0.11E+01
    -0.20E+01     0.18E-02    -0.20E+01
    -0.13E+01     0.36E-01    -0.13E+01
    -0.91E+00     0.26E+00    -0.91E+00
    -0.62E-03     0.32E+00    -0.62E-03
    -0.58E-04     0.28E+00    -0.58E-04
 
 
    >>Objective:       6.0453       0.0095       6.0548
    >>Robustness factor:       0.0161
   32  0.6054768E+01  0.1588193E-02  0.6199415E-03  0.3920909E-01  0.1000000E-10
 
    >>Normalized Constraint Values:
    -0.20E-05     0.18E-02    -0.20E-05
    -0.70E+00     0.36E-01    -0.70E+00
    -0.11E+01     0.26E+00    -0.11E+01
    -0.20E+01     0.18E-02    -0.20E+01
    -0.13E+01     0.36E-01    -0.13E+01
    -0.91E+00     0.26E+00    -0.91E+00
    -0.52E-03     0.32E+00    -0.52E-03
    -0.21E-04     0.28E+00    -0.21E-04
 
 
    >>Objective:       6.0442       0.0095       6.0537
    >>Robustness factor:       0.0161
   33  0.6053699E+01  0.1536651E-02  0.5182984E-03  0.2397048E-01  0.1000000E-10
 
    >>Normalized Constraint Values:
    -0.59E-06     0.18E-02    -0.59E-06
    -0.70E+00     0.36E-01    -0.70E+00
    -0.11E+01     0.26E+00    -0.11E+01
    -0.20E+01     0.18E-02    -0.20E+01
    -0.13E+01     0.36E-01    -0.13E+01
    -0.91E+00     0.27E+00    -0.91E+00
    -0.46E-03     0.32E+00    -0.46E-03
     0.51E-04     0.29E+00     0.51E-04
 
 
    >>Objective:       6.0433       0.0095       6.0528
    >>Robustness factor:       0.0161
   34  0.6052770E+01  0.9804247E-03  0.4645346E-03  0.1274805E-01  0.1000000E-10
 
 The solution was found.
 
 The final value of the objective function is    6.05277011655446     
 
 The optimal values of X are:
 
 X  (           1 ) =    3.99805149195188      in^2
 X  (           2 ) =   0.000000000000000E+000 in^2
 X  (           3 ) =   0.264754624385570      in^2
 X  (           4 ) =    45.3566303216409      deg
 X  (           5 ) =    63.7378262871081      deg
 X  (           6 ) =    141.061913958813      deg
 
 The multipliers for the equality constraints are:
 
 LAM(           1 ) =    5.45593639545884     
 LAM(           2 ) =   1.428640865509253E-011
 LAM(           3 ) =   9.140057466274799E-012
 LAM(           4 ) =   4.999900840031957E-012
 LAM(           5 ) =   7.692142701485241E-012
 LAM(           6 ) =   1.103882874021087E-011
 LAM(           7 ) =    1.55521183264167     
 LAM(           8 ) =    2.11824648477502     
 
 Weight and its variance:   6.04326969107523       9.500425479231467E-003
