 >> Number of Processors =   8
 
    >>Normalized Constraint Values:
     0.18E+01
    -0.58E+00
    -0.22E+01
    -0.38E+01
    -0.14E+01
     0.18E+00
     0.68E+00
     0.30E+01
 
 
    >>Objective:       3.8284       0.0000       3.8284
 
 iter    objective      ||grad||        inf_pr          inf_du         lg(mu)
    0  0.3828447E+01  0.0000000E+00  0.3037002E+01  0.1149869E+01  0.1000000E+01
 
    >>Normalized Constraint Values:
     0.81E+00
    -0.58E+00
    -0.19E+01
    -0.28E+01
    -0.14E+01
    -0.75E-01
    -0.10E+00
     0.16E+01
 
 
    >>Objective:       4.5855       0.0000       4.5856
    1  0.4585587E+01  0.2085791E+01  0.1857088E+01  0.6093481E+01  0.2387352E+00
 
    >>Normalized Constraint Values:
     0.75E+00
    -0.57E+00
    -0.16E+01
    -0.27E+01
    -0.14E+01
    -0.32E+00
     0.11E+00
     0.12E+01
 
 
    >>Objective:       4.8320       0.0000       4.8321
    2  0.4832082E+01  0.8703034E+00  0.1488194E+01  0.5911969E+01  0.5473469E+00
 
    >>Normalized Constraint Values:
     0.37E+00
    -0.67E+00
    -0.15E+01
    -0.24E+01
    -0.13E+01
    -0.46E+00
    -0.16E+00
     0.74E+00
 
 
    >>Objective:       6.2816       0.0001       6.2816
    3  0.6281619E+01  0.1384485E+01  0.8842452E+00  0.4560117E+01  0.3956037E+00
 
    >>Normalized Constraint Values:
     0.15E+00
    -0.72E+00
    -0.14E+01
    -0.21E+01
    -0.13E+01
    -0.60E+00
    -0.24E+00
     0.37E+00
 
 
    >>Objective:       7.9503       0.0001       7.9504
    4  0.7950441E+01  0.8469271E+00  0.3741592E+00  0.3270275E+01  0.1219554E+00
 
    >>Normalized Constraint Values:
     0.53E-02
    -0.73E+00
    -0.12E+01
    -0.20E+01
    -0.13E+01
    -0.79E+00
    -0.19E+00
     0.63E-01
 
 
    >>Objective:       8.9401       0.0001       8.9402
    5  0.8940227E+01  0.8393604E+00  0.1713693E+00  0.6877217E+01  0.1097642E+00
 
    >>Normalized Constraint Values:
    -0.91E-02
    -0.72E+00
    -0.11E+01
    -0.20E+01
    -0.13E+01
    -0.87E+00
    -0.77E-01
    -0.57E-02
 
 
    >>Objective:       8.5778       0.0001       8.5779
    6  0.8577867E+01  0.4352336E+00  0.6820445E-01  0.3971092E+01  0.6443392E-02
 
    >>Normalized Constraint Values:
    -0.53E-02
    -0.72E+00
    -0.11E+01
    -0.20E+01
    -0.13E+01
    -0.87E+00
    -0.50E-01
     0.14E-02
 
 
    >>Objective:       7.9808       0.0001       7.9809
    7  0.7980862E+01  0.5439620E+00  0.4985657E-01  0.4798890E+01  0.8761327E-02
 
    >>Normalized Constraint Values:
    -0.40E-01
    -0.75E+00
    -0.13E+01
    -0.20E+01
    -0.12E+01
    -0.68E+00
    -0.26E+00
     0.13E+00
 
 
    >>Objective:       7.7735       0.0001       7.7736
    8  0.7773620E+01  0.3634405E+00  0.2328324E+00  0.1547314E+02  0.1199974E+00
 
    >>Normalized Constraint Values:
    -0.29E-01
    -0.72E+00
    -0.11E+01
    -0.20E+01
    -0.13E+01
    -0.81E+00
    -0.11E+00
     0.41E-01
 
 
    >>Objective:       7.3513       0.0001       7.3514
    9  0.7351372E+01  0.1374006E+00  0.8157721E-01  0.5555747E+00  0.1007928E+00
 
    >>Normalized Constraint Values:
    -0.22E-02
    -0.70E+00
    -0.10E+01
    -0.20E+01
    -0.13E+01
    -0.90E+00
     0.41E-01
    -0.79E-02
 
 
    >>Objective:       7.0370       0.0001       7.0371
   10  0.7037135E+01  0.1891127E+00  0.4395038E-01  0.1431326E+01  0.1118256E-01
 
    >>Normalized Constraint Values:
    -0.21E-02
    -0.70E+00
    -0.11E+01
    -0.20E+01
    -0.13E+01
    -0.86E+00
     0.14E-01
    -0.30E-03
 
 
    >>Objective:       7.1156       0.0001       7.1157
   11  0.7115693E+01  0.5257001E-01  0.1384524E-01  0.5627490E+00  0.4981168E-02
 
    >>Normalized Constraint Values:
    -0.52E-04
    -0.70E+00
    -0.11E+01
    -0.20E+01
    -0.13E+01
    -0.84E+00
     0.12E-01
    -0.35E-03
 
 
    >>Objective:       7.1515       0.0001       7.1516
   12  0.7151561E+01  0.2125685E-01  0.1246302E-01  0.2704087E+00  0.4314052E-03
 
    >>Normalized Constraint Values:
    -0.49E-04
    -0.70E+00
    -0.11E+01
    -0.20E+01
    -0.13E+01
    -0.84E+00
     0.77E-02
    -0.76E-03
 
 
    >>Objective:       7.1980       0.0001       7.1981
   13  0.7198122E+01  0.2169062E-01  0.7746755E-02  0.6285569E+00  0.1407076E-03
 
    >>Normalized Constraint Values:
     0.48E-06
    -0.70E+00
    -0.11E+01
    -0.20E+01
    -0.13E+01
    -0.84E+00
     0.51E-02
    -0.50E-03
 
 
    >>Objective:       7.2231       0.0001       7.2232
   14  0.7223197E+01  0.1475692E-01  0.5084651E-02  0.3682824E+00  0.9330517E-05
 
    >>Normalized Constraint Values:
     0.21E-05
    -0.70E+00
    -0.11E+01
    -0.20E+01
    -0.13E+01
    -0.83E+00
     0.33E-02
    -0.28E-03
 
 
    >>Objective:       7.2390       0.0001       7.2391
   15  0.7239096E+01  0.1045847E-01  0.3321463E-02  0.3650516E+00  0.2000675E-06
 
    >>Normalized Constraint Values:
    -0.52E-03
    -0.70E+00
    -0.11E+01
    -0.20E+01
    -0.13E+01
    -0.87E+00
    -0.57E-03
     0.78E-02
 
 
    >>Objective:       7.2283       0.0001       7.2284
   16  0.7228386E+01  0.6457962E-01  0.7781253E-02  0.2821177E+01  0.3543960E-06
 
    >>Normalized Constraint Values:
    -0.32E-03
    -0.70E+00
    -0.11E+01
    -0.20E+01
    -0.13E+01
    -0.84E+00
    -0.58E-02
     0.59E-02
 
 
    >>Objective:       7.2368       0.0001       7.2369
   17  0.7236907E+01  0.4851331E-01  0.5949138E-02  0.1842060E+00  0.2770414E-06
 
    >>Normalized Constraint Values:
    -0.99E-06
    -0.70E+00
    -0.11E+01
    -0.20E+01
    -0.13E+01
    -0.85E+00
     0.25E-02
    -0.11E-03
 
 
    >>Objective:       7.2535       0.0001       7.2536
   18  0.7253640E+01  0.8707153E-02  0.2463245E-02  0.1609135E+00  0.2770414E-06
 
    >>Normalized Constraint Values:
    -0.99E-06
    -0.70E+00
    -0.11E+01
    -0.20E+01
    -0.13E+01
    -0.84E+00
     0.13E-02
    -0.13E-03
 
 
    >>Objective:       7.2629       0.0001       7.2630
   19  0.7262967E+01  0.3923063E-02  0.1338193E-02  0.1045064E+00  0.8078662E-08
 
    >>Normalized Constraint Values:
     0.17E-05
    -0.70E+00
    -0.11E+01
    -0.20E+01
    -0.13E+01
    -0.84E+00
     0.82E-03
    -0.34E-04
 
 
    >>Objective:       7.2674       0.0001       7.2675
   20  0.7267452E+01  0.3060544E-02  0.8167220E-03  0.6280342E-01  0.1734902E-09
 
    >>Normalized Constraint Values:
    -0.72E-05
    -0.70E+00
    -0.11E+01
    -0.20E+01
    -0.13E+01
    -0.85E+00
     0.13E-02
    -0.17E-03
 
 
    >>Objective:       7.2701       0.0001       7.2702
 
    >>Normalized Constraint Values:
     0.30E-05
    -0.70E+00
    -0.11E+01
    -0.20E+01
    -0.13E+01
    -0.85E+00
     0.73E-03
    -0.92E-04
 
 
    >>Objective:       7.2740       0.0001       7.2741
   21  0.7274087E+01  0.7313347E-02  0.7252353E-03  0.3321686E+00  0.1334155E-10
 
    >>Normalized Constraint Values:
    -0.13E-05
    -0.70E+00
    -0.11E+01
    -0.20E+01
    -0.13E+01
    -0.84E+00
    -0.23E-03
     0.11E-03
 
 
    >>Objective:       7.2759       0.0001       7.2760
   22  0.7275959E+01  0.4816714E-02  0.2309414E-03  0.2776198E-01  0.1000000E-10
 
    >>Normalized Constraint Values:
     0.37E-06
    -0.70E+00
    -0.11E+01
    -0.20E+01
    -0.13E+01
    -0.84E+00
     0.63E-04
    -0.32E-04
 
 
    >>Objective:       7.2757       0.0001       7.2758
   23  0.7275804E+01  0.1039969E-02  0.6274627E-04  0.1487828E-01  0.1000000E-10
 
    >>Normalized Constraint Values:
     0.22E-06
    -0.70E+00
    -0.11E+01
    -0.20E+01
    -0.13E+01
    -0.84E+00
     0.27E-04
     0.14E-04
 
 
    >>Objective:       7.2758       0.0001       7.2759
   24  0.7275858E+01  0.3806118E-03  0.2652603E-04  0.2388105E-01  0.1000000E-10
 
 The solution was found.
 
 The final value of the objective function is    7.27585796361993     
 
 The optimal values of X are:
 
 X  (           1 ) =    3.98433477257653      in^2
 X  (           2 ) =   0.000000000000000E+000 in^2
 X  (           3 ) =    1.07550400746850      in^2
 X  (           4 ) =    46.9798371962150      deg
 X  (           5 ) =    66.9102291268012      deg
 X  (           6 ) =    143.914686833692      deg
 
 The multipliers for the equality constraints are:
 
 LAM(           1 ) =    4.07585913920713     
 LAM(           2 ) =   1.422118404731033E-011
 LAM(           3 ) =   9.062810539997660E-012
 LAM(           4 ) =   5.004323845994422E-012
 LAM(           5 ) =   7.779365307108302E-012
 LAM(           6 ) =   1.184080144080786E-011
 LAM(           7 ) =    4.11197108541581     
 LAM(           8 ) =    7.34605963722352     
 
 Weight and its variance:   7.27576007253226       9.789108766966592E-005
