 >> Number of Processors =  16
 
    >>Normalized Constraint Values:
     0.23E+01
    -0.52E+00
    -0.22E+01
    -0.40E+01
    -0.14E+01
     0.36E+00
     0.96E+00
     0.36E+01
 
 
    >>Objective:       3.4472       0.0010       3.4482
 
 
 iter    objective      ||grad||        inf_pr          inf_du         lg(mu)
    0  0.3448175E+01  0.0000000E+00  0.3608393E+01  0.1005554E+01  0.1000000E+01
 
    >>Normalized Constraint Values:
     0.67E+00
    -0.54E+00
    -0.15E+01
    -0.26E+01
    -0.14E+01
    -0.39E+00
     0.42E+00
     0.11E+01
 
 
    >>Objective:       5.2438       0.0059       5.2497
 
    1  0.5249656E+01  0.2675114E+01  0.1584585E+01  0.5032057E+01  0.4886208E+00
 
    >>Normalized Constraint Values:
     0.15E+00
    -0.67E+00
    -0.12E+01
    -0.21E+01
    -0.13E+01
    -0.64E+00
     0.58E-01
     0.43E+00
 
 
    >>Objective:       6.2661       0.0055       6.2716
 
    2  0.6271592E+01  0.1086204E+01  0.4325180E+00  0.1474442E+01  0.4607447E+00
 
    >>Normalized Constraint Values:
    -0.11E+00
    -0.69E+00
    -0.10E+01
    -0.19E+01
    -0.13E+01
    -0.78E+00
     0.91E-01
     0.90E-01
 
 
    >>Objective:       7.5366       0.0125       7.5491
 
    3  0.7549082E+01  0.8857959E+00  0.1476820E+00  0.3059595E+01  0.1414935E+00
 
    >>Normalized Constraint Values:
    -0.16E+00
    -0.71E+00
    -0.73E+00
    -0.18E+01
    -0.12E+01
    -0.30E+00
     0.27E+00
     0.53E+00
 
 
    >>Objective:       7.1995       0.0138       7.2133
 
    4  0.7213275E+01  0.8266665E+00  0.5498292E+00  0.5173894E+02  0.5856145E-01
 
    >>Normalized Constraint Values:
    -0.22E+00
    -0.74E+00
    -0.73E+00
    -0.17E+01
    -0.12E+01
    -0.46E+00
     0.72E-01
     0.32E+00
 
 
    >>Objective:       7.8039       0.0169       7.8208
 
    5  0.7820783E+01  0.6337528E+00  0.3279320E+00  0.2953628E+02  0.4027276E-01
 
    >>Normalized Constraint Values:
    -0.31E+00
    -0.75E+00
    -0.81E+00
    -0.16E+01
    -0.12E+01
    -0.63E+00
    -0.77E-01
     0.75E-01
 
 
    >>Objective:       9.0158       0.0263       9.0421
 
    6  0.9042104E+01  0.5137401E+00  0.7716538E-01  0.1895064E+02  0.4027276E-01
 
    >>Normalized Constraint Values:
    -0.27E+00
    -0.69E+00
    -0.72E+00
    -0.17E+01
    -0.12E+01
    -0.90E+00
     0.20E+00
    -0.14E+00
 
 
    >>Objective:       8.7443       0.0281       8.7724
 
    7  0.8772412E+01  0.3519717E+00  0.2434892E+00  0.1164183E+01  0.2014276E+00
 
    >>Normalized Constraint Values:
    -0.24E+00
    -0.66E+00
    -0.61E+00
    -0.17E+01
    -0.12E+01
    -0.99E+00
     0.36E+00
    -0.22E+00
 
 
    >>Objective:       8.5654       0.0275       8.5929
 
    8  0.8592859E+01  0.2822470E+00  0.3919620E+00  0.1029822E+02  0.1373731E+00
 
    >>Normalized Constraint Values:
    -0.26E+00
    -0.78E+00
    -0.81E+00
    -0.17E+01
    -0.11E+01
    -0.85E+00
    -0.16E-01
    -0.76E-01
 
 
    >>Objective:       8.8620       0.0261       8.8881
 
    9  0.8888080E+01  0.2657786E+00  0.5152356E-01  0.1005936E+02  0.1373731E+00
 
    >>Normalized Constraint Values:
    -0.21E+00
    -0.73E+00
    -0.45E+00
    -0.18E+01
    -0.11E+01
    -0.84E+00
     0.26E+00
     0.16E-01
 
 
    >>Objective:       7.8457       0.0192       7.8648
 
   10  0.7864830E+01  0.4308144E+00  0.2794096E+00  0.7116810E+01  0.4435032E-01
 
    >>Normalized Constraint Values:
    -0.27E+00
    -0.76E+00
    -0.56E+00
    -0.17E+01
    -0.10E+01
    -0.66E+00
     0.14E+00
     0.77E-01
 
 
    >>Objective:       8.3510       0.0211       8.3721
 
   11  0.8372077E+01  0.7951387E+00  0.1563757E+00  0.5736613E+01  0.3497779E-01
 
    >>Normalized Constraint Values:
    -0.33E+00
    -0.84E+00
    -0.75E+00
    -0.17E+01
    -0.93E+00
    -0.58E+00
     0.61E-01
     0.53E-01
 
 
    >>Objective:       9.0299       0.0228       9.0527
 
   12  0.9052730E+01  0.8488492E+00  0.9551369E-01  0.1158426E+02  0.3497779E-01
 
    >>Normalized Constraint Values:
    -0.38E+00
    -0.83E+00
    -0.75E+00
    -0.16E+01
    -0.96E+00
    -0.62E+00
    -0.37E-01
    -0.22E-01
 
 
    >>Objective:       9.6705       0.0267       9.6972
 
   13  0.9697249E+01  0.4144423E+00  0.3426101E-01  0.2520296E+02  0.3497779E-01
 
    >>Normalized Constraint Values:
    -0.35E+00
    -0.81E+00
    -0.60E+00
    -0.16E+01
    -0.95E+00
    -0.60E+00
     0.76E-01
     0.43E-01
 
 
    >>Objective:       9.1712       0.0244       9.1956
 
   14  0.9195638E+01  0.4776463E+00  0.7931960E-01  0.2165542E+02  0.2145426E-01
 
    >>Normalized Constraint Values:
    -0.33E+00
    -0.83E+00
    -0.38E+00
    -0.17E+01
    -0.94E+00
    -0.74E+00
     0.37E-01
     0.52E-01
 
 
    >>Objective:       9.0001       0.0243       9.0244
 
   15  0.9024372E+01  0.4396053E+00  0.5271421E-01  0.2500346E+02  0.1567064E-01
 
    >>Normalized Constraint Values:
    -0.37E+00
    -0.84E+00
    -0.44E+00
    -0.16E+01
    -0.94E+00
    -0.69E+00
     0.11E-03
     0.76E-02
 
 
    >>Objective:       9.5957       0.0274       9.6230
 
   16  0.9623018E+01  0.4311795E+00  0.9056630E-02  0.8228442E+01  0.1567064E-01
 
    >>Normalized Constraint Values:
    -0.38E+00
    -0.83E+00
    -0.38E+00
    -0.16E+01
    -0.93E+00
    -0.68E+00
     0.34E-01
     0.21E-01
 
 
    >>Objective:       9.6132       0.0277       9.6408
 
 
    >>Normalized Constraint Values:
    -0.40E+00
    -0.84E+00
    -0.39E+00
    -0.16E+01
    -0.92E+00
    -0.67E+00
     0.11E-02
     0.44E-02
 
 
    >>Objective:       9.9692       0.0297       9.9988
 
   17  0.9998826E+01  0.3145533E-01  0.4557761E-02  0.5786002E+01  0.9405117E-03
 
    >>Normalized Constraint Values:
    -0.40E+00
    -0.84E+00
    -0.36E+00
    -0.16E+01
    -0.92E+00
    -0.68E+00
     0.40E-02
     0.22E-02
 
 
    >>Objective:       9.9979       0.0299      10.0278
 
 
    >>Normalized Constraint Values:
    -0.41E+00
    -0.84E+00
    -0.36E+00
    -0.16E+01
    -0.92E+00
    -0.68E+00
    -0.34E-03
     0.30E-03
 
 
    >>Objective:      10.0474       0.0302      10.0776
 
   18  0.1007764E+02  0.2580894E-01  0.3203613E-03  0.1423659E+01  0.1605376E-03
 
    >>Normalized Constraint Values:
    -0.41E+00
    -0.84E+00
    -0.36E+00
    -0.16E+01
    -0.92E+00
    -0.69E+00
    -0.27E-03
    -0.18E-03
 
 
    >>Objective:      10.0459       0.0303      10.0762
 
   19  0.1007618E+02  0.6120268E-02  0.5882175E-03  0.1744580E+00  0.1775127E-03
 
 The solution was found.
 
 The final value of the objective function is    10.0761790486718     
 
 The optimal values of X are:
 
 X  (           1 ) =    6.86953095755544      in^2
 X  (           2 ) =   0.250140493961005      in^2
 X  (           3 ) =   0.250137673431886      in^2
 X  (           4 ) =    44.2827700551029      deg
 X  (           5 ) =    119.185743114630      deg
 X  (           6 ) =    120.113084546365      deg
 
 The multipliers for the equality constraints are:
 
 LAM(           1 ) =   4.376179006721241E-004
 LAM(           2 ) =   2.125266313215325E-004
 LAM(           3 ) =   5.051388759618662E-004
 LAM(           4 ) =   1.120922519042269E-004
 LAM(           5 ) =   1.920916473469831E-004
 LAM(           6 ) =   2.591428242021575E-004
 LAM(           7 ) =    7.75606242899326     
 LAM(           8 ) =    8.75474845741492     
 
 Weight and its variance:   10.0459067309303       3.027231774149186E-002
