 >> Number of Processors =  16
 
    >>Normalized Constraint Values:
     0.18E+01
    -0.59E+00
    -0.22E+01
    -0.38E+01
    -0.14E+01
     0.17E+00
     0.66E+00
     0.30E+01
 
 
    >>Objective:       3.8284       0.0000       3.8285
 
 iter    objective      ||grad||        inf_pr          inf_du         lg(mu)
    0  0.3828460E+01  0.0000000E+00  0.3010045E+01  0.1247510E+01  0.1000000E+01
 
    >>Normalized Constraint Values:
     0.59E+00
    -0.60E+00
    -0.16E+01
    -0.26E+01
    -0.14E+01
    -0.42E+00
     0.16E+00
     0.10E+01
 
 
    >>Objective:       5.3535       0.0001       5.3536
    1  0.5353600E+01  0.2380516E+01  0.1565037E+01  0.4764009E+01  0.5517576E+00
 
    >>Normalized Constraint Values:
     0.93E-01
    -0.70E+00
    -0.13E+01
    -0.21E+01
    -0.13E+01
    -0.73E+00
    -0.16E+00
     0.33E+00
 
 
    >>Objective:       6.3190       0.0001       6.3191
    2  0.6319093E+01  0.1158800E+01  0.5231770E+00  0.1954802E+01  0.5485891E+00
 
    >>Normalized Constraint Values:
     0.61E-03
    -0.70E+00
    -0.12E+01
    -0.20E+01
    -0.13E+01
    -0.82E+00
    -0.11E+00
     0.18E+00
 
 
    >>Objective:       6.6452       0.0001       6.6453
    3  0.6645327E+01  0.3846525E+00  0.1835015E+00  0.1736063E+01  0.1358657E+00
 
    >>Normalized Constraint Values:
    -0.77E-01
    -0.70E+00
    -0.10E+01
    -0.19E+01
    -0.13E+01
    -0.99E+00
     0.84E-01
    -0.12E+00
 
 
    >>Objective:       6.1117       0.0001       6.1118
    4  0.6111789E+01  0.1088769E+01  0.2067514E+00  0.7641106E+02  0.3311949E-01
 
    >>Normalized Constraint Values:
    -0.20E-01
    -0.69E+00
    -0.10E+01
    -0.20E+01
    -0.13E+01
    -0.97E+00
     0.12E+00
    -0.67E-01
 
 
    >>Objective:       5.7635       0.0001       5.7636
    5  0.5763591E+01  0.2886149E+00  0.1169877E+00  0.6593939E+02  0.6607381E-02
 
    >>Normalized Constraint Values:
    -0.32E-01
    -0.71E+00
    -0.11E+01
    -0.20E+01
    -0.13E+01
    -0.89E+00
    -0.51E-01
     0.18E-01
 
 
    >>Objective:       5.8840       0.0001       5.8841
    6  0.5884080E+01  0.3327465E+00  0.3197762E-01  0.1031597E+02  0.3027497E-01
 
    >>Normalized Constraint Values:
    -0.61E-02
    -0.75E+00
    -0.16E+01
    -0.20E+01
    -0.12E+01
    -0.45E+00
    -0.53E+00
     0.52E+00
 
 
    >>Objective:       5.7013       0.0001       5.7014
    7  0.5701402E+01  0.2750924E+00  0.5265367E+00  0.2065712E+02  0.4138611E-02
 
    >>Normalized Constraint Values:
    -0.36E-02
    -0.71E+00
    -0.12E+01
    -0.20E+01
    -0.13E+01
    -0.80E+00
    -0.14E+00
     0.13E+00
 
 
    >>Objective:       5.6974       0.0001       5.6975
    8  0.5697478E+01  0.2817396E-01  0.1342435E+00  0.2562406E+01  0.4134062E-02
 
    >>Normalized Constraint Values:
    -0.12E-02
    -0.69E+00
    -0.94E+00
    -0.20E+01
    -0.13E+01
    -0.11E+01
     0.14E+00
    -0.14E+00
 
 
    >>Objective:       5.6780       0.0001       5.6781
    9  0.5678144E+01  0.1527814E-01  0.1431195E+00  0.1984879E+01  0.5792361E-03
 
    >>Normalized Constraint Values:
    -0.12E-02
    -0.72E+00
    -0.13E+01
    -0.20E+01
    -0.13E+01
    -0.75E+00
    -0.20E+00
     0.20E+00
 
 
    >>Objective:       5.6686       0.0001       5.6687
   10  0.5668663E+01  0.6685074E-02  0.1992299E+00  0.7610644E+01  0.5257075E-03
 
    >>Normalized Constraint Values:
    -0.57E-02
    -0.68E+00
    -0.90E+00
    -0.20E+01
    -0.13E+01
    -0.11E+01
     0.19E+00
    -0.18E+00
 
 
    >>Objective:       5.6894       0.0001       5.6895
   11  0.5689502E+01  0.1122318E-01  0.1870198E+00  0.1908578E+02  0.3895481E-02
 
    >>Normalized Constraint Values:
    -0.49E-02
    -0.69E+00
    -0.93E+00
    -0.20E+01
    -0.13E+01
    -0.11E+01
     0.15E+00
    -0.15E+00
 
 
    >>Objective:       5.6898       0.0001       5.6899
   12  0.5689850E+01  0.8153013E-02  0.1508915E+00  0.1128485E+01  0.3123803E-02
 
    >>Normalized Constraint Values:
    -0.52E-02
    -0.71E+00
    -0.12E+01
    -0.20E+01
    -0.13E+01
    -0.84E+00
    -0.92E-01
     0.94E-01
 
 
    >>Objective:       5.6890       0.0001       5.6891
   13  0.5689114E+01  0.3191417E-02  0.9484939E-01  0.1658351E+01  0.3123803E-02
 
    >>Normalized Constraint Values:
    -0.54E-02
    -0.68E+00
    -0.89E+00
    -0.20E+01
    -0.13E+01
    -0.11E+01
     0.21E+00
    -0.19E+00
 
 
    >>Objective:       5.6891       0.0001       5.6892
 
    >>Normalized Constraint Values:
    -0.14E-01
    -0.73E+00
    -0.13E+01
    -0.20E+01
    -0.13E+01
    -0.69E+00
    -0.26E+00
     0.25E+00
 
 
    >>Objective:       5.7396       0.0001       5.7397
 
    >>Normalized Constraint Values:
    -0.53E-02
    -0.70E+00
    -0.11E+01
    -0.20E+01
    -0.13E+01
    -0.91E+00
    -0.22E-01
     0.28E-01
 
 
    >>Objective:       5.6891       0.0001       5.6892
   14  0.5689177E+01  0.7733304E-02  0.2900931E-01  0.8228188E+01  0.4181327E-03
 
    >>Normalized Constraint Values:
    -0.83E-02
    -0.68E+00
    -0.99E+00
    -0.20E+01
    -0.13E+01
    -0.10E+01
     0.13E+00
    -0.48E-01
 
 
    >>Objective:       5.7048       0.0001       5.7049
 
    >>Normalized Constraint Values:
    -0.48E-01
    -0.76E+00
    -0.16E+01
    -0.20E+01
    -0.12E+01
    -0.41E+00
    -0.57E+00
     0.56E+00
 
 
    >>Objective:       5.9419       0.0001       5.9420
 
    >>Normalized Constraint Values:
    -0.68E-02
    -0.70E+00
    -0.11E+01
    -0.20E+01
    -0.13E+01
    -0.92E+00
    -0.44E-02
     0.19E-01
 
 
    >>Objective:       5.6970       0.0001       5.6971
   15  0.5697059E+01  0.1544542E-01  0.1969968E-01  0.1653578E+02  0.1620876E-03
 
    >>Normalized Constraint Values:
    -0.14E-01
    -0.73E+00
    -0.16E+01
    -0.20E+01
    -0.13E+01
    -0.37E+00
    -0.50E+00
     0.72E+00
 
 
    >>Objective:       5.7387       0.0001       5.7388
 
    >>Normalized Constraint Values:
    -0.87E-01
    -0.50E+00
     0.82E+00
    -0.19E+01
    -0.15E+01
    -0.28E+01
     0.21E+01
    -0.21E+01
 
 
    >>Objective:       6.1936       0.0001       6.1937
 
    >>Normalized Constraint Values:
    -0.11E-01
    -0.70E+00
    -0.11E+01
    -0.20E+01
    -0.13E+01
    -0.90E+00
    -0.17E-01
     0.44E-01
 
 
    >>Objective:       5.7179       0.0001       5.7180
 
    >>Normalized Constraint Values:
    -0.87E-02
    -0.70E+00
    -0.11E+01
    -0.20E+01
    -0.13E+01
    -0.91E+00
    -0.64E-02
     0.26E-01
 
 
    >>Objective:       5.7074       0.0001       5.7075
 
    >>Normalized Constraint Values:
    -0.78E-02
    -0.70E+00
    -0.11E+01
    -0.20E+01
    -0.13E+01
    -0.92E+00
    -0.53E-02
     0.21E-01
 
 
    >>Objective:       5.7022       0.0001       5.7023
 
    >>Normalized Constraint Values:
    -0.73E-02
    -0.70E+00
    -0.11E+01
    -0.20E+01
    -0.13E+01
    -0.92E+00
    -0.42E-02
     0.20E-01
 
 
    >>Objective:       5.6996       0.0001       5.6997
 
    >>Normalized Constraint Values:
    -0.71E-02
    -0.70E+00
    -0.11E+01
    -0.20E+01
    -0.13E+01
    -0.92E+00
    -0.44E-02
     0.19E-01
 
 
    >>Objective:       5.6983       0.0001       5.6984
 
    >>Normalized Constraint Values:
    -0.70E-02
    -0.70E+00
    -0.11E+01
    -0.20E+01
    -0.13E+01
    -0.92E+00
    -0.38E-02
     0.20E-01
 
 
    >>Objective:       5.6976       0.0001       5.6977
   16  0.5697714E+01  0.3148990E-01  0.1994177E-01  0.1437163E+02  0.2379853E-03
 
    >>Normalized Constraint Values:
    -0.15E-01
    -0.68E+00
    -0.11E+01
    -0.20E+01
    -0.13E+01
    -0.91E+00
     0.45E-01
     0.79E-01
 
 
    >>Objective:       5.7419       0.0001       5.7420
 
    >>Normalized Constraint Values:
    -0.54E-01
    -0.76E+00
    -0.19E+01
    -0.19E+01
    -0.12E+01
    -0.15E+00
    -0.75E+00
     0.95E+00
 
 
    >>Objective:       5.9783       0.0001       5.9784
 
    >>Normalized Constraint Values:
    -0.11E-01
    -0.70E+00
    -0.11E+01
    -0.20E+01
    -0.13E+01
    -0.91E+00
    -0.29E-02
     0.29E-01
 
 
    >>Objective:       5.7198       0.0001       5.7199
 
    >>Normalized Constraint Values:
    -0.89E-02
    -0.70E+00
    -0.11E+01
    -0.20E+01
    -0.13E+01
    -0.92E+00
    -0.33E-02
     0.23E-01
 
 
    >>Objective:       5.7087       0.0001       5.7088
 
    >>Normalized Constraint Values:
    -0.79E-02
    -0.70E+00
    -0.11E+01
    -0.20E+01
    -0.13E+01
    -0.92E+00
    -0.45E-02
     0.21E-01
 
 
    >>Objective:       5.7031       0.0001       5.7032
 
    >>Normalized Constraint Values:
    -0.75E-02
    -0.70E+00
    -0.11E+01
    -0.20E+01
    -0.13E+01
    -0.92E+00
    -0.45E-02
     0.20E-01
 
 
    >>Objective:       5.7004       0.0001       5.7005
 
    >>Normalized Constraint Values:
    -0.72E-02
    -0.70E+00
    -0.11E+01
    -0.20E+01
    -0.13E+01
    -0.92E+00
    -0.45E-02
     0.19E-01
 
 
    >>Objective:       5.6990       0.0001       5.6991
 
    >>Normalized Constraint Values:
    -0.71E-02
    -0.70E+00
    -0.11E+01
    -0.20E+01
    -0.13E+01
    -0.92E+00
    -0.46E-02
     0.19E-01
 
 
    >>Objective:       5.6983       0.0001       5.6984
