   -0.89782E+00    0.30000E+01    0.30000E-04    0.30000E-04
   -0.89238E+00    0.40000E+01    0.40000E-04    0.70000E-04
   -0.88694E+00    0.19000E+02    0.19000E-03    0.26000E-03
   -0.88150E+00    0.36000E+02    0.36000E-03    0.62000E-03
   -0.87606E+00    0.10800E+03    0.10800E-02    0.17000E-02
   -0.87062E+00    0.22100E+03    0.22100E-02    0.39100E-02
   -0.86518E+00    0.54000E+03    0.54000E-02    0.93100E-02
   -0.85974E+00    0.87700E+03    0.87700E-02    0.18080E-01
   -0.85430E+00    0.16600E+04    0.16600E-01    0.34680E-01
   -0.84886E+00    0.26770E+04    0.26770E-01    0.61450E-01
   -0.84341E+00    0.43110E+04    0.43110E-01    0.10456E+00
   -0.83797E+00    0.62820E+04    0.62820E-01    0.16738E+00
   -0.83253E+00    0.81500E+04    0.81500E-01    0.24888E+00
   -0.82709E+00    0.97760E+04    0.97760E-01    0.34664E+00
   -0.82165E+00    0.10938E+05    0.10938E+00    0.45602E+00
   -0.81621E+00    0.11201E+05    0.11201E+00    0.56803E+00
   -0.81077E+00    0.10642E+05    0.10642E+00    0.67445E+00
   -0.80533E+00    0.92730E+04    0.92730E-01    0.76718E+00
   -0.79989E+00    0.76640E+04    0.76640E-01    0.84382E+00
   -0.79445E+00    0.57000E+04    0.57000E-01    0.90082E+00
   -0.78901E+00    0.40650E+04    0.40650E-01    0.94147E+00
   -0.78357E+00    0.25870E+04    0.25870E-01    0.96734E+00
   -0.77813E+00    0.15320E+04    0.15320E-01    0.98266E+00
   -0.77269E+00    0.89000E+03    0.89000E-02    0.99156E+00
   -0.76725E+00    0.47600E+03    0.47600E-02    0.99632E+00
   -0.76181E+00    0.21300E+03    0.21300E-02    0.99845E+00
   -0.75637E+00    0.93000E+02    0.93000E-03    0.99938E+00
   -0.75093E+00    0.42000E+02    0.42000E-03    0.99980E+00
   -0.74549E+00    0.15000E+02    0.15000E-03    0.99995E+00
   -0.74005E+00    0.50000E+01    0.50000E-04    0.10000E+01
