   -0.22594E+01    0.10000E+01    0.10000E-04    0.10000E-04
   -0.22085E+01    0.00000E+00    0.00000E+00    0.10000E-04
   -0.21577E+01    0.40000E+01    0.40000E-04    0.50000E-04
   -0.21069E+01    0.60000E+01    0.60000E-04    0.11000E-03
   -0.20561E+01    0.27000E+02    0.27000E-03    0.38000E-03
   -0.20052E+01    0.54000E+02    0.54000E-03    0.92000E-03
   -0.19544E+01    0.10500E+03    0.10500E-02    0.19700E-02
   -0.19036E+01    0.23400E+03    0.23400E-02    0.43100E-02
   -0.18527E+01    0.48500E+03    0.48500E-02    0.91600E-02
   -0.18019E+01    0.92300E+03    0.92300E-02    0.18390E-01
   -0.17511E+01    0.17380E+04    0.17380E-01    0.35770E-01
   -0.17002E+01    0.28600E+04    0.28600E-01    0.64370E-01
   -0.16494E+01    0.43590E+04    0.43590E-01    0.10796E+00
   -0.15986E+01    0.65230E+04    0.65230E-01    0.17319E+00
   -0.15478E+01    0.88410E+04    0.88410E-01    0.26160E+00
   -0.14969E+01    0.10425E+05    0.10425E+00    0.36585E+00
   -0.14461E+01    0.12066E+05    0.12066E+00    0.48651E+00
   -0.13953E+01    0.12407E+05    0.12407E+00    0.61058E+00
   -0.13444E+01    0.11574E+05    0.11574E+00    0.72632E+00
   -0.12936E+01    0.96020E+04    0.96020E-01    0.82234E+00
   -0.12428E+01    0.73440E+04    0.73440E-01    0.89578E+00
   -0.11920E+01    0.48660E+04    0.48660E-01    0.94444E+00
   -0.11411E+01    0.28460E+04    0.28460E-01    0.97290E+00
   -0.10903E+01    0.15230E+04    0.15230E-01    0.98813E+00
   -0.10395E+01    0.70900E+03    0.70900E-02    0.99522E+00
   -0.98864E+00    0.32200E+03    0.32200E-02    0.99844E+00
   -0.93781E+00    0.10100E+03    0.10100E-02    0.99945E+00
   -0.88699E+00    0.44000E+02    0.44000E-03    0.99989E+00
   -0.83616E+00    0.50000E+01    0.50000E-04    0.99994E+00
   -0.78533E+00    0.60000E+01    0.60000E-04    0.10000E+01
