   -0.25877E+00    0.80000E+01    0.80000E-04    0.80000E-04
   -0.25670E+00    0.80000E+01    0.80000E-04    0.16000E-03
   -0.25463E+00    0.11000E+02    0.11000E-03    0.27000E-03
   -0.25256E+00    0.36000E+02    0.36000E-03    0.63000E-03
   -0.25049E+00    0.87000E+02    0.87000E-03    0.15000E-02
   -0.24842E+00    0.16200E+03    0.16200E-02    0.31200E-02
   -0.24636E+00    0.29800E+03    0.29800E-02    0.61000E-02
   -0.24429E+00    0.58000E+03    0.58000E-02    0.11900E-01
   -0.24222E+00    0.10270E+04    0.10270E-01    0.22170E-01
   -0.24015E+00    0.17220E+04    0.17220E-01    0.39390E-01
   -0.23808E+00    0.27350E+04    0.27350E-01    0.66740E-01
   -0.23601E+00    0.40540E+04    0.40540E-01    0.10728E+00
   -0.23394E+00    0.56990E+04    0.56990E-01    0.16427E+00
   -0.23188E+00    0.75710E+04    0.75710E-01    0.23998E+00
   -0.22981E+00    0.93650E+04    0.93650E-01    0.33363E+00
   -0.22774E+00    0.10581E+05    0.10581E+00    0.43944E+00
   -0.22567E+00    0.11386E+05    0.11386E+00    0.55330E+00
   -0.22360E+00    0.10906E+05    0.10906E+00    0.66236E+00
   -0.22153E+00    0.10031E+05    0.10031E+00    0.76267E+00
   -0.21946E+00    0.81250E+04    0.81250E-01    0.84392E+00
   -0.21740E+00    0.61390E+04    0.61390E-01    0.90531E+00
   -0.21533E+00    0.41530E+04    0.41530E-01    0.94684E+00
   -0.21326E+00    0.26470E+04    0.26470E-01    0.97331E+00
   -0.21119E+00    0.14370E+04    0.14370E-01    0.98768E+00
   -0.20912E+00    0.73200E+03    0.73200E-02    0.99500E+00
   -0.20705E+00    0.30800E+03    0.30800E-02    0.99808E+00
   -0.20498E+00    0.12700E+03    0.12700E-02    0.99935E+00
   -0.20292E+00    0.46000E+02    0.46000E-03    0.99981E+00
   -0.20085E+00    0.12000E+02    0.12000E-03    0.99993E+00
   -0.19878E+00    0.70000E+01    0.70000E-04    0.10000E+01
