   -0.53067E+00    0.10000E+01    0.10000E-04    0.10000E-04
   -0.52643E+00    0.20000E+01    0.20000E-04    0.30000E-04
   -0.52220E+00    0.13000E+02    0.13000E-03    0.16000E-03
   -0.51796E+00    0.42000E+02    0.42000E-03    0.58000E-03
   -0.51372E+00    0.14500E+03    0.14500E-02    0.20300E-02
   -0.50949E+00    0.36900E+03    0.36900E-02    0.57200E-02
   -0.50525E+00    0.82600E+03    0.82600E-02    0.13980E-01
   -0.50101E+00    0.17010E+04    0.17010E-01    0.30990E-01
   -0.49678E+00    0.30590E+04    0.30590E-01    0.61580E-01
   -0.49254E+00    0.49090E+04    0.49090E-01    0.11067E+00
   -0.48830E+00    0.70860E+04    0.70860E-01    0.18153E+00
   -0.48407E+00    0.92110E+04    0.92110E-01    0.27364E+00
   -0.47983E+00    0.10897E+05    0.10897E+00    0.38261E+00
   -0.47560E+00    0.11745E+05    0.11745E+00    0.50006E+00
   -0.47136E+00    0.11600E+05    0.11600E+00    0.61606E+00
   -0.46712E+00    0.10541E+05    0.10541E+00    0.72147E+00
   -0.46289E+00    0.86840E+04    0.86840E-01    0.80831E+00
   -0.45865E+00    0.67090E+04    0.67090E-01    0.87540E+00
   -0.45441E+00    0.48470E+04    0.48470E-01    0.92387E+00
   -0.45018E+00    0.32110E+04    0.32110E-01    0.95598E+00
   -0.44594E+00    0.19770E+04    0.19770E-01    0.97575E+00
   -0.44170E+00    0.11800E+04    0.11800E-01    0.98755E+00
   -0.43747E+00    0.63700E+03    0.63700E-02    0.99392E+00
   -0.43323E+00    0.32800E+03    0.32800E-02    0.99720E+00
   -0.42899E+00    0.15500E+03    0.15500E-02    0.99875E+00
   -0.42476E+00    0.75000E+02    0.75000E-03    0.99950E+00
   -0.42052E+00    0.29000E+02    0.29000E-03    0.99979E+00
   -0.41628E+00    0.12000E+02    0.12000E-03    0.99991E+00
   -0.41205E+00    0.60000E+01    0.60000E-04    0.99997E+00
   -0.40781E+00    0.30000E+01    0.30000E-04    0.10000E+01
