    0.15437E+02    0.30000E+01    0.30000E-04    0.30000E-04
    0.15514E+02    0.80000E+01    0.80000E-04    0.11000E-03
    0.15591E+02    0.18000E+02    0.18000E-03    0.29000E-03
    0.15668E+02    0.74000E+02    0.74000E-03    0.10300E-02
    0.15744E+02    0.24200E+03    0.24200E-02    0.34500E-02
    0.15821E+02    0.56800E+03    0.56800E-02    0.91300E-02
    0.15898E+02    0.12340E+04    0.12340E-01    0.21470E-01
    0.15974E+02    0.23790E+04    0.23790E-01    0.45260E-01
    0.16051E+02    0.41860E+04    0.41860E-01    0.87120E-01
    0.16128E+02    0.63600E+04    0.63600E-01    0.15072E+00
    0.16205E+02    0.84630E+04    0.84630E-01    0.23535E+00
    0.16281E+02    0.10424E+05    0.10424E+00    0.33959E+00
    0.16358E+02    0.12000E+05    0.12000E+00    0.45959E+00
    0.16435E+02    0.12150E+05    0.12150E+00    0.58109E+00
    0.16511E+02    0.11044E+05    0.11044E+00    0.69153E+00
    0.16588E+02    0.95900E+04    0.95900E-01    0.78743E+00
    0.16665E+02    0.73150E+04    0.73150E-01    0.86058E+00
    0.16742E+02    0.54820E+04    0.54820E-01    0.91540E+00
    0.16818E+02    0.36350E+04    0.36350E-01    0.95175E+00
    0.16895E+02    0.21960E+04    0.21960E-01    0.97371E+00
    0.16972E+02    0.13050E+04    0.13050E-01    0.98676E+00
    0.17048E+02    0.66400E+03    0.66400E-02    0.99340E+00
    0.17125E+02    0.35700E+03    0.35700E-02    0.99697E+00
    0.17202E+02    0.17200E+03    0.17200E-02    0.99869E+00
    0.17279E+02    0.87000E+02    0.87000E-03    0.99956E+00
    0.17355E+02    0.31000E+02    0.31000E-03    0.99987E+00
    0.17432E+02    0.10000E+02    0.10000E-03    0.99997E+00
    0.17509E+02    0.00000E+00    0.00000E+00    0.99997E+00
    0.17585E+02    0.20000E+01    0.20000E-04    0.99999E+00
    0.17662E+02    0.10000E+01    0.10000E-04    0.10000E+01
