   -0.15927E+01    0.20000E+01    0.20000E-04    0.20000E-04
   -0.15884E+01    0.70000E+01    0.70000E-04    0.90000E-04
   -0.15842E+01    0.90000E+01    0.90000E-04    0.18000E-03
   -0.15799E+01    0.23000E+02    0.23000E-03    0.41000E-03
   -0.15757E+01    0.65000E+02    0.65000E-03    0.10600E-02
   -0.15715E+01    0.14800E+03    0.14800E-02    0.25400E-02
   -0.15672E+01    0.30100E+03    0.30100E-02    0.55500E-02
   -0.15630E+01    0.59500E+03    0.59500E-02    0.11500E-01
   -0.15587E+01    0.10820E+04    0.10820E-01    0.22320E-01
   -0.15545E+01    0.19310E+04    0.19310E-01    0.41630E-01
   -0.15503E+01    0.30330E+04    0.30330E-01    0.71960E-01
   -0.15460E+01    0.46400E+04    0.46400E-01    0.11836E+00
   -0.15418E+01    0.65250E+04    0.65250E-01    0.18361E+00
   -0.15375E+01    0.85720E+04    0.85720E-01    0.26933E+00
   -0.15333E+01    0.10330E+05    0.10330E+00    0.37263E+00
   -0.15291E+01    0.11502E+05    0.11502E+00    0.48765E+00
   -0.15248E+01    0.11812E+05    0.11812E+00    0.60577E+00
   -0.15206E+01    0.10996E+05    0.10996E+00    0.71573E+00
   -0.15164E+01    0.94420E+04    0.94420E-01    0.81015E+00
   -0.15121E+01    0.73320E+04    0.73320E-01    0.88347E+00
   -0.15079E+01    0.50920E+04    0.50920E-01    0.93439E+00
   -0.15036E+01    0.32490E+04    0.32490E-01    0.96688E+00
   -0.14994E+01    0.17930E+04    0.17930E-01    0.98481E+00
   -0.14952E+01    0.89800E+03    0.89800E-02    0.99379E+00
   -0.14909E+01    0.39000E+03    0.39000E-02    0.99769E+00
   -0.14867E+01    0.16500E+03    0.16500E-02    0.99934E+00
   -0.14824E+01    0.45000E+02    0.45000E-03    0.99979E+00
   -0.14782E+01    0.17000E+02    0.17000E-03    0.99996E+00
   -0.14740E+01    0.30000E+01    0.30000E-04    0.99999E+00
   -0.14697E+01    0.10000E+01    0.10000E-04    0.10000E+01
