 >> Number of Processors =  10
 
    >>Normalized Constraint Values:
  0.11901E+01  0.39791E-01  0.13095E+01     29.90827
 -0.43526E+00  0.16767E-01 -0.38496E+00    -25.95868
 -0.20602E+01  0.21476E-01 -0.19958E+01    -95.93066
 -0.31901E+01  0.39697E-01 -0.30710E+01    -80.36076
 -0.15647E+01  0.16759E-01 -0.15145E+01    -93.36488
  0.60188E-01  0.21483E-01  0.12464E+00      2.80163
  0.13032E+00  0.41053E-01  0.25348E+00      3.17439
  0.22527E+01  0.50863E-01  0.24052E+01     44.28844
 
 
    >>Objective:       7.6596       0.0049       7.6646
    >>Coeff of variance :       0.0091
 
 iter    objective      ||grad||        inf_pr          inf_du         lg(mu)
    0  0.7664559E+01  0.0000000E+00  0.2415246E+01  0.1165651E+01  0.1000000E+01
 
    >>Normalized Constraint Values:
  0.65943E+00  0.22776E-01  0.72776E+00     28.95320
 -0.40658E+00  0.18604E-01 -0.35077E+00    -21.85469
 -0.18446E+01  0.18991E-01 -0.17877E+01    -97.13393
 -0.26594E+01  0.22710E-01 -0.25913E+01   -117.10507
 -0.15934E+01  0.18588E-01 -0.15377E+01    -85.72314
 -0.15538E+00  0.18970E-01 -0.98466E-01     -8.19063
 -0.10777E+00  0.40105E-01  0.12546E-01     -2.68717
  0.14653E+01  0.30686E-01  0.15574E+01     47.75299
 
 
    >>Objective:       9.2618       0.0194       9.2812
    >>Coeff of variance :       0.0150
    1  0.9281180E+01  0.1498512E+01  0.1703095E+01  0.1028603E+02  0.3126703E+00
 
    >>Normalized Constraint Values:
  0.28101E+00  0.10657E-01  0.31298E+00     26.36822
 -0.24865E+00  0.14349E-01 -0.20560E+00    -17.32831
 -0.14153E+01  0.29764E-01 -0.13260E+01    -47.54855
 -0.22810E+01  0.10613E-01 -0.22492E+01   -214.91848
 -0.17514E+01  0.14360E-01 -0.17083E+01   -121.96125
 -0.58474E+00  0.29729E-01 -0.49556E+00    -19.66938
  0.61819E-01  0.51767E-01  0.21712E+00      1.19417
  0.63281E+00  0.31101E-01  0.72611E+00     20.34687
 
 
    >>Objective:       9.7923       0.0162       9.8086
    >>Coeff of variance :       0.0130
    2  0.9808563E+01  0.9535475E+00  0.7792084E+00  0.4232365E+01  0.3477937E+00
 
    >>Normalized Constraint Values:
  0.29399E-01  0.12861E-01  0.67982E-01      2.28584
 -0.29884E+00  0.17207E-01 -0.24722E+00    -17.36727
 -0.13186E+01  0.22908E-01 -0.12499E+01    -57.56113
 -0.20294E+01  0.12864E-01 -0.19908E+01   -157.75918
 -0.17012E+01  0.17213E-01 -0.16495E+01    -98.83073
 -0.68140E+00  0.22972E-01 -0.61248E+00    -29.66171
  0.48282E-01  0.48380E-01  0.19342E+00      0.99796
  0.41177E+00  0.24804E-01  0.48618E+00     16.60099
 
 
    >>Objective:      11.8616       0.0308      11.8923
    >>Coeff of variance :       0.0148
    3  0.1189231E+02  0.1208480E+01  0.4867091E+00  0.1379345E+02  0.3522535E+00
 
    >>Normalized Constraint Values:
 -0.14822E+00  0.56886E-02 -0.13116E+00    -26.05657
 -0.51561E+00  0.11557E-01 -0.48094E+00    -44.61489
 -0.13148E+01  0.27175E-01 -0.12332E+01    -48.38178
 -0.18518E+01  0.56959E-02 -0.18347E+01   -325.10483
 -0.14844E+01  0.11551E-01 -0.14497E+01   -128.50288
 -0.68524E+00  0.27098E-01 -0.60395E+00    -25.28770
 -0.35707E+00  0.44054E-01 -0.22491E+00     -8.10540
  0.12602E+00  0.27285E-01  0.20787E+00      4.61864
 
 
    >>Objective:      13.7076       0.0316      13.7392
    >>Coeff of variance :       0.0130
    4  0.1373921E+02  0.1602486E+01  0.2216881E+00  0.1197574E+02  0.2031961E+00
 
    >>Normalized Constraint Values:
 -0.12361E+00  0.61258E-02 -0.10523E+00    -20.17885
 -0.43238E+00  0.16634E-01 -0.38248E+00    -25.99473
 -0.12080E+01  0.25871E-01 -0.11304E+01    -46.69480
 -0.18764E+01  0.61269E-02 -0.18580E+01   -306.25271
 -0.15676E+01  0.16628E-01 -0.15177E+01    -94.27779
 -0.79197E+00  0.25824E-01 -0.71450E+00    -30.66870
 -0.10191E+00  0.54339E-01  0.61105E-01     -1.87549
  0.62355E-01  0.22155E-01  0.12882E+00      2.81451
 
 
    >>Objective:      14.0052       0.0421      14.0473
    >>Coeff of variance :       0.0146
    5  0.1404727E+02  0.6414094E+00  0.1374737E+00  0.5044035E+01  0.8347622E-01
 
    >>Normalized Constraint Values:
 -0.16085E+00  0.64899E-02 -0.14138E+00    -24.78491
 -0.45044E+00  0.16117E-01 -0.40208E+00    -27.94709
 -0.12072E+01  0.24672E-01 -0.11332E+01    -48.92933
 -0.18392E+01  0.64814E-02 -0.18197E+01   -283.76032
 -0.15496E+01  0.16120E-01 -0.15012E+01    -96.12693
 -0.79281E+00  0.24684E-01 -0.71876E+00    -32.11914
 -0.12723E+00  0.53540E-01  0.33394E-01     -2.37628
  0.24807E-01  0.22217E-01  0.91457E-01      1.11661
 
 
    >>Objective:      14.5910       0.0472      14.6382
    >>Coeff of variance :       0.0149
    6  0.1463824E+02  0.4783903E+00  0.9461903E-01  0.6995817E+01  0.1174349E-01
 
    >>Normalized Constraint Values:
 -0.25438E+00  0.84261E-02 -0.22910E+00    -30.18926
 -0.48294E+00  0.14178E-01 -0.44041E+00    -34.06299
 -0.12010E+01  0.20636E-01 -0.11391E+01    -58.20175
 -0.17456E+01  0.84352E-02 -0.17203E+01   -206.94507
 -0.15171E+01  0.14178E-01 -0.14745E+01   -107.00066
 -0.79896E+00  0.20627E-01 -0.73707E+00    -38.73316
 -0.17592E+00  0.46771E-01 -0.35612E-01     -3.76142
 -0.37287E-01  0.20653E-01  0.24672E-01     -1.80539
 
 
    >>Objective:      16.1543       0.0629      16.2172
    >>Coeff of variance :       0.0155
    7  0.1621720E+02  0.6838796E+00  0.3140056E-01  0.4138700E+01  0.1772168E-01
 
    >>Normalized Constraint Values:
 -0.25002E+00  0.80468E-02 -0.22588E+00    -31.07093
 -0.47682E+00  0.14260E-01 -0.43404E+00    -33.43756
 -0.11849E+01  0.19165E-01 -0.11274E+01    -61.82693
 -0.17500E+01  0.80504E-02 -0.17258E+01   -217.37677
 -0.15232E+01  0.14268E-01 -0.14804E+01   -106.75590
 -0.81509E+00  0.19117E-01 -0.75774E+00    -42.63731
 -0.14548E+00  0.46233E-01 -0.67820E-02     -3.14669
 -0.61830E-01  0.19226E-01 -0.41521E-02     -3.21596
 
 
    >>Objective:      16.6508       0.0675      16.7183
    >>Coeff of variance :       0.0156
    8  0.1671833E+02  0.2769028E+00  0.6142797E-02  0.1872122E+01  0.1974952E-02
 
    >>Normalized Constraint Values:
 -0.22908E+00  0.74501E-02 -0.20673E+00    -30.74896
 -0.47275E+00  0.14362E-01 -0.42966E+00    -32.91712
 -0.11829E+01  0.19244E-01 -0.11252E+01    -61.47132
 -0.17709E+01  0.74479E-02 -0.17486E+01   -237.77276
 -0.15273E+01  0.14366E-01 -0.14842E+01   -106.31365
 -0.81706E+00  0.19284E-01 -0.75921E+00    -42.37085
 -0.13707E+00  0.46470E-01  0.23447E-02     -2.94954
 -0.57676E-01  0.18866E-01 -0.10783E-02     -3.05716
 
 
    >>Objective:      16.4698       0.0647      16.5345
    >>Coeff of variance :       0.0154
    9  0.1653448E+02  0.1260135E+00  0.3377322E-02  0.8635143E+00  0.1888224E-02
 
    >>Normalized Constraint Values:
 -0.22638E+00  0.73523E-02 -0.20432E+00    -30.78982
 -0.47312E+00  0.14297E-01 -0.43023E+00    -33.09246
 -0.11831E+01  0.19219E-01 -0.11254E+01    -61.55738
 -0.17736E+01  0.73528E-02 -0.17516E+01   -241.21633
 -0.15269E+01  0.14297E-01 -0.14840E+01   -106.79550
 -0.81694E+00  0.19251E-01 -0.75918E+00    -42.43520
 -0.13864E+00  0.46347E-01  0.40388E-03     -2.99129
 -0.56601E-01  0.18680E-01 -0.56258E-03     -3.03012
 
 
    >>Objective:      16.4398       0.0639      16.5037
    >>Coeff of variance :       0.0154
   10  0.1650370E+02  0.1762418E-01  0.5606524E-03  0.1658167E+00  0.6253803E-04
 
    >>Normalized Constraint Values:
 -0.22509E+00  0.73233E-02 -0.20312E+00    -30.73602
 -0.47308E+00  0.14297E-01 -0.43018E+00    -33.08832
 -0.11832E+01  0.19261E-01 -0.11255E+01    -61.43233
 -0.17749E+01  0.73058E-02 -0.17530E+01   -242.94508
 -0.15269E+01  0.14297E-01 -0.14840E+01   -106.80337
 -0.81676E+00  0.19307E-01 -0.75884E+00    -42.30350
 -0.13880E+00  0.46375E-01  0.32203E-03     -2.99306
 -0.56138E-01  0.18751E-01  0.11496E-03     -2.99387
 
 
    >>Objective:      16.4252       0.0635      16.4888
    >>Coeff of variance :       0.0153
   11  0.1648876E+02  0.7123689E-02  0.3253272E-03  0.1517372E+00  0.1543557E-05
 
    >>Normalized Constraint Values:
 -0.22574E+00  0.73186E-02 -0.20378E+00    -30.84440
 -0.47323E+00  0.14286E-01 -0.43037E+00    -33.12558
 -0.11832E+01  0.19240E-01 -0.11255E+01    -61.50037
 -0.17743E+01  0.73273E-02 -0.17523E+01   -242.14268
 -0.15268E+01  0.14284E-01 -0.14839E+01   -106.89019
 -0.81675E+00  0.19287E-01 -0.75889E+00    -42.34664
 -0.13919E+00  0.46303E-01 -0.28094E-03     -3.00607
 -0.56176E-01  0.18722E-01 -0.11664E-04     -3.00062
 
 
    >>Objective:      16.4290       0.0634      16.4924
    >>Coeff of variance :       0.0153
   12  0.1649236E+02  0.4153929E-02  0.2809214E-03  0.2003308E-01  0.1073566E-06
 
    >>Normalized Constraint Values:
 -0.22562E+00  0.73260E-02 -0.20364E+00    -30.79645
 -0.47312E+00  0.14294E-01 -0.43024E+00    -33.09935
 -0.11832E+01  0.19212E-01 -0.11256E+01    -61.58607
 -0.17744E+01  0.73244E-02 -0.17524E+01   -242.25690
 -0.15269E+01  0.14290E-01 -0.14840E+01   -106.84753
 -0.81680E+00  0.19247E-01 -0.75906E+00    -42.43675
 -0.13891E+00  0.46351E-01  0.14689E-03     -2.99683
 -0.56165E-01  0.18686E-01 -0.10811E-03     -3.00579
 
 
    >>Objective:      16.4279       0.0638      16.4917
    >>Coeff of variance :       0.0154
   13  0.1649166E+02  0.9923017E-03  0.1468787E-03  0.1775622E-01  0.1353199E-08
 
 The solution was found.
 
 The final value of the objective function is    16.4916558128681     
 
 The optimal values of X are:
 
 X  (           1 ) =    5.00000000000000      in^2
 X  (           2 ) =    1.97323871173685      in^2
 X  (           3 ) =    3.12576638092162      in^2
 X  (           4 ) =    37.5179754592037      deg
 X  (           5 ) =    60.0000000000000      deg
 X  (           6 ) =    148.175904624051      deg
 
 The multipliers for the equality constraints are:
 
 LAM(           1 ) =   6.824718465402219E-009
 LAM(           2 ) =   3.154673145047810E-009
 LAM(           3 ) =   1.203996983994893E-009
 LAM(           4 ) =   7.689089307195863E-010
 LAM(           5 ) =   9.026120654620681E-010
 LAM(           6 ) =   1.769229284037310E-009
 LAM(           7 ) =    1.86877592651011     
 LAM(           8 ) =    27.5082421818146     
 
Weight, variance, SD, CV:      16.4279       0.0638       0.2525       0.0154
