  0.158047955112051       1.021894360993690E-002   4.42785097892490     
 -0.137469338876093     
  0.161388844115924       1.109775103061247E-002   4.19307414764450     
 -9.190046763256354E-002
  0.146352973164385       9.075897289934633E-003   3.61675307931933     
  5.770673924947612E-002
  0.162427514039643       1.137786950872060E-002   4.29876938667354     
 -0.114993661528259     
  0.151764021503977       1.100592660693333E-002   4.73305995989475     
 -0.197359427809013     
  0.169101761170336       1.010657207128581E-002   3.73107721777518     
  2.671959369591591E-002
  0.155139467008132       1.029278944471470E-002   3.89603594457789     
 -2.106901038833615E-002
  0.154048591976664       1.082569003867111E-002   4.56065905377666     
 -0.165787328936255     
  0.163774712561437       1.034314378139516E-002   4.21909168196856     
 -9.396035969251038E-002
  0.146158045362018       9.556705196820241E-003   3.58171405784484     
  6.550964622410431E-002
  0.156582815350455       8.522832605389753E-003   4.71709937169144     
 -0.184451975585988     
  0.136983813338271       1.121227434887784E-002   4.46115361142061     
 -0.153847836497750     
  0.181747955865249       1.057084719075959E-002   3.85001555581699     
 -3.941706042354109E-003
  0.164161217071390       9.245970647277712E-003   4.16142362367361     
 -7.699999874085338E-002
  0.135899968365495       8.928076885729967E-003   3.78656654234058     
  7.866145440164549E-003
  0.174501421248531       8.858348966393245E-003   3.64665686714762     
  5.713305202752796E-002
  0.139912431030992       9.790269663282725E-003   4.56401238040373     
 -0.166103644824526     
  0.143361471788906       9.293962709223145E-003   4.76077310543053     
 -0.197686645748079     
  0.157379330460562       1.063130640343317E-002   4.66205849090746     
 -0.182383043754221     
  0.165420126444323       9.359771496394173E-003   3.92824440441996     
 -2.248991992484795E-002
  0.152964130916462       8.630479513650565E-003   4.06747599174765     
 -5.568062271338430E-002
  0.168694738518766       8.735312013435805E-003   3.96557714022169     
 -2.840801323134926E-002
  0.150069004159637       9.131546188560725E-003   4.11926252856573     
 -7.040689283902973E-002
  0.144112700854835       8.719659648484375E-003   4.33327214807792     
 -0.115989469243377     
  0.171446752924982       9.762037377183950E-003   4.02920563196114     
 -4.724080970662098E-002
  0.160158779700686       9.018550611217946E-003   4.60534895095324     
 -0.165814798175943     
  0.138771387284915       9.501470169768728E-003   3.82410350222938     
 -3.975209321703185E-003
  0.176373309087345       1.003698850503984E-002   3.77173095866413     
  1.765587293756053E-002
  0.170699770870690       9.450855900700035E-003   4.35439157698196     
 -0.117298926277606     
  0.177169890965743       1.038728693543690E-002   4.80175068457694     
 -0.201303709052720     
  0.142177418898610       1.144628763296212E-002   4.12749204605835     
 -8.478378391872238E-002
  0.134873476300615       9.885262270075608E-003   3.66765806032679     
  3.500179788236725E-002
  0.180555955028055       9.985982775736712E-003   3.69469832884970     
  3.997367291673180E-002
  0.140830424531053       1.132187568548568E-002   4.64969649043256     
 -0.187326051254473     
  0.166431814642862       1.049198646453327E-002   4.51889696713948     
 -0.153932061412713     
  0.173096011891064       9.682683446723721E-003   4.37699702948005     
 -0.122224290475845     
  0.147431228115618       1.069097222486804E-002   3.99097607211668     
 -4.833876446036812E-002
  0.178845680220100       1.091403396652625E-002   4.48674347976558     
 -0.146770196184055     
  0.148628048704866       1.119072734531897E-002   4.25581986727564     
 -0.109193918407636     
  0.175317628859880       1.075506833689936E-002   4.02104326641427     
 -4.831565641437614E-002
