   -0.51712E+00    0.10000E+01    0.10000E-04    0.10000E-04
   -0.51247E+00    0.70000E+01    0.70000E-04    0.80000E-04
   -0.50782E+00    0.26000E+02    0.26000E-03    0.34000E-03
   -0.50317E+00    0.72000E+02    0.72000E-03    0.10600E-02
   -0.49852E+00    0.21100E+03    0.21100E-02    0.31700E-02
   -0.49387E+00    0.54600E+03    0.54600E-02    0.86300E-02
   -0.48922E+00    0.11870E+04    0.11870E-01    0.20500E-01
   -0.48457E+00    0.22530E+04    0.22530E-01    0.43030E-01
   -0.47993E+00    0.38480E+04    0.38480E-01    0.81510E-01
   -0.47528E+00    0.58710E+04    0.58710E-01    0.14022E+00
   -0.47063E+00    0.81150E+04    0.81150E-01    0.22137E+00
   -0.46598E+00    0.10080E+05    0.10080E+00    0.32217E+00
   -0.46133E+00    0.11525E+05    0.11525E+00    0.43742E+00
   -0.45668E+00    0.11786E+05    0.11786E+00    0.55528E+00
   -0.45203E+00    0.11153E+05    0.11153E+00    0.66681E+00
   -0.44738E+00    0.97260E+04    0.97260E-01    0.76407E+00
   -0.44273E+00    0.78520E+04    0.78520E-01    0.84259E+00
   -0.43808E+00    0.57970E+04    0.57970E-01    0.90056E+00
   -0.43343E+00    0.39860E+04    0.39860E-01    0.94042E+00
   -0.42878E+00    0.26060E+04    0.26060E-01    0.96648E+00
   -0.42413E+00    0.15760E+04    0.15760E-01    0.98224E+00
   -0.41948E+00    0.88100E+03    0.88100E-02    0.99105E+00
   -0.41483E+00    0.46300E+03    0.46300E-02    0.99568E+00
   -0.41018E+00    0.23400E+03    0.23400E-02    0.99802E+00
   -0.40553E+00    0.11900E+03    0.11900E-02    0.99921E+00
   -0.40088E+00    0.45000E+02    0.45000E-03    0.99966E+00
   -0.39623E+00    0.21000E+02    0.21000E-03    0.99987E+00
   -0.39158E+00    0.90000E+01    0.90000E-04    0.99996E+00
   -0.38693E+00    0.20000E+01    0.20000E-04    0.99998E+00
   -0.38229E+00    0.20000E+01    0.20000E-04    0.10000E+01
