   -0.12763E+01    0.30000E+01    0.30000E-04    0.30000E-04
   -0.12702E+01    0.10000E+01    0.10000E-04    0.40000E-04
   -0.12641E+01    0.60000E+01    0.60000E-04    0.10000E-03
   -0.12580E+01    0.26000E+02    0.26000E-03    0.36000E-03
   -0.12518E+01    0.82000E+02    0.82000E-03    0.11800E-02
   -0.12457E+01    0.15600E+03    0.15600E-02    0.27400E-02
   -0.12396E+01    0.35400E+03    0.35400E-02    0.62800E-02
   -0.12335E+01    0.69700E+03    0.69700E-02    0.13250E-01
   -0.12274E+01    0.12650E+04    0.12650E-01    0.25900E-01
   -0.12213E+01    0.22730E+04    0.22730E-01    0.48630E-01
   -0.12151E+01    0.37310E+04    0.37310E-01    0.85940E-01
   -0.12090E+01    0.54750E+04    0.54750E-01    0.14069E+00
   -0.12029E+01    0.75170E+04    0.75170E-01    0.21586E+00
   -0.11968E+01    0.94420E+04    0.94420E-01    0.31028E+00
   -0.11907E+01    0.10845E+05    0.10845E+00    0.41873E+00
   -0.11846E+01    0.11647E+05    0.11647E+00    0.53520E+00
   -0.11785E+01    0.11176E+05    0.11176E+00    0.64696E+00
   -0.11723E+01    0.10116E+05    0.10116E+00    0.74812E+00
   -0.11662E+01    0.83830E+04    0.83830E-01    0.83195E+00
   -0.11601E+01    0.62980E+04    0.62980E-01    0.89493E+00
   -0.11540E+01    0.44650E+04    0.44650E-01    0.93958E+00
   -0.11479E+01    0.28110E+04    0.28110E-01    0.96769E+00
   -0.11418E+01    0.16070E+04    0.16070E-01    0.98376E+00
   -0.11357E+01    0.88100E+03    0.88100E-02    0.99257E+00
   -0.11295E+01    0.41700E+03    0.41700E-02    0.99674E+00
   -0.11234E+01    0.19400E+03    0.19400E-02    0.99868E+00
   -0.11173E+01    0.85000E+02    0.85000E-03    0.99953E+00
   -0.11112E+01    0.35000E+02    0.35000E-03    0.99988E+00
   -0.11051E+01    0.90000E+01    0.90000E-04    0.99997E+00
   -0.10990E+01    0.30000E+01    0.30000E-04    0.10000E+01
