   -0.89907E+00    0.50000E+01    0.50000E-04    0.50000E-04
   -0.89276E+00    0.17000E+02    0.17000E-03    0.22000E-03
   -0.88645E+00    0.46000E+02    0.46000E-03    0.68000E-03
   -0.88015E+00    0.13300E+03    0.13300E-02    0.20100E-02
   -0.87384E+00    0.32400E+03    0.32400E-02    0.52500E-02
   -0.86754E+00    0.66500E+03    0.66500E-02    0.11900E-01
   -0.86123E+00    0.12880E+04    0.12880E-01    0.24780E-01
   -0.85493E+00    0.22720E+04    0.22720E-01    0.47500E-01
   -0.84862E+00    0.37960E+04    0.37960E-01    0.85460E-01
   -0.84231E+00    0.54950E+04    0.54950E-01    0.14041E+00
   -0.83601E+00    0.77890E+04    0.77890E-01    0.21830E+00
   -0.82970E+00    0.98870E+04    0.98870E-01    0.31717E+00
   -0.82340E+00    0.11484E+05    0.11484E+00    0.43201E+00
   -0.81709E+00    0.12040E+05    0.12040E+00    0.55241E+00
   -0.81079E+00    0.11394E+05    0.11394E+00    0.66635E+00
   -0.80448E+00    0.10180E+05    0.10180E+00    0.76815E+00
   -0.79817E+00    0.81460E+04    0.81460E-01    0.84961E+00
   -0.79187E+00    0.57930E+04    0.57930E-01    0.90754E+00
   -0.78556E+00    0.39660E+04    0.39660E-01    0.94720E+00
   -0.77926E+00    0.25140E+04    0.25140E-01    0.97234E+00
   -0.77295E+00    0.14390E+04    0.14390E-01    0.98673E+00
   -0.76665E+00    0.71600E+03    0.71600E-02    0.99389E+00
   -0.76034E+00    0.34400E+03    0.34400E-02    0.99733E+00
   -0.75403E+00    0.16800E+03    0.16800E-02    0.99901E+00
   -0.74773E+00    0.63000E+02    0.63000E-03    0.99964E+00
   -0.74142E+00    0.23000E+02    0.23000E-03    0.99987E+00
   -0.73512E+00    0.80000E+01    0.80000E-04    0.99995E+00
   -0.72881E+00    0.20000E+01    0.20000E-04    0.99997E+00
   -0.72251E+00    0.20000E+01    0.20000E-04    0.99999E+00
   -0.71620E+00    0.10000E+01    0.10000E-04    0.10000E+01
