   -0.18207E+01    0.70000E+01    0.70000E-04    0.70000E-04
   -0.18187E+01    0.60000E+01    0.60000E-04    0.13000E-03
   -0.18167E+01    0.49000E+02    0.49000E-03    0.62000E-03
   -0.18146E+01    0.15400E+03    0.15400E-02    0.21600E-02
   -0.18126E+01    0.35700E+03    0.35700E-02    0.57300E-02
   -0.18106E+01    0.77800E+03    0.77800E-02    0.13510E-01
   -0.18085E+01    0.16270E+04    0.16270E-01    0.29780E-01
   -0.18065E+01    0.27360E+04    0.27360E-01    0.57140E-01
   -0.18045E+01    0.45000E+04    0.45000E-01    0.10214E+00
   -0.18024E+01    0.64700E+04    0.64700E-01    0.16684E+00
   -0.18004E+01    0.85400E+04    0.85400E-01    0.25224E+00
   -0.17984E+01    0.10245E+05    0.10245E+00    0.35469E+00
   -0.17963E+01    0.11198E+05    0.11198E+00    0.46667E+00
   -0.17943E+01    0.11090E+05    0.11090E+00    0.57757E+00
   -0.17922E+01    0.10393E+05    0.10393E+00    0.68150E+00
   -0.17902E+01    0.89510E+04    0.89510E-01    0.77101E+00
   -0.17882E+01    0.72900E+04    0.72900E-01    0.84391E+00
   -0.17861E+01    0.54770E+04    0.54770E-01    0.89868E+00
   -0.17841E+01    0.39190E+04    0.39190E-01    0.93787E+00
   -0.17821E+01    0.25370E+04    0.25370E-01    0.96324E+00
   -0.17800E+01    0.16390E+04    0.16390E-01    0.97963E+00
   -0.17780E+01    0.93500E+03    0.93500E-02    0.98898E+00
   -0.17760E+01    0.52200E+03    0.52200E-02    0.99420E+00
   -0.17739E+01    0.31200E+03    0.31200E-02    0.99732E+00
   -0.17719E+01    0.14800E+03    0.14800E-02    0.99880E+00
   -0.17699E+01    0.66000E+02    0.66000E-03    0.99946E+00
   -0.17678E+01    0.34000E+02    0.34000E-03    0.99980E+00
   -0.17658E+01    0.12000E+02    0.12000E-03    0.99992E+00
   -0.17637E+01    0.60000E+01    0.60000E-04    0.99998E+00
   -0.17617E+01    0.20000E+01    0.20000E-04    0.10000E+01
