   -0.16347E+01    0.10000E+01    0.10000E-04    0.10000E-04
   -0.16258E+01    0.00000E+00    0.00000E+00    0.10000E-04
   -0.16169E+01    0.10000E+01    0.10000E-04    0.20000E-04
   -0.16080E+01    0.30000E+01    0.30000E-04    0.50000E-04
   -0.15991E+01    0.16000E+02    0.16000E-03    0.21000E-03
   -0.15902E+01    0.40000E+02    0.40000E-03    0.61000E-03
   -0.15813E+01    0.77000E+02    0.77000E-03    0.13800E-02
   -0.15724E+01    0.20300E+03    0.20300E-02    0.34100E-02
   -0.15635E+01    0.41000E+03    0.41000E-02    0.75100E-02
   -0.15546E+01    0.81900E+03    0.81900E-02    0.15700E-01
   -0.15457E+01    0.15180E+04    0.15180E-01    0.30880E-01
   -0.15368E+01    0.26340E+04    0.26340E-01    0.57220E-01
   -0.15279E+01    0.39910E+04    0.39910E-01    0.97130E-01
   -0.15190E+01    0.60030E+04    0.60030E-01    0.15716E+00
   -0.15101E+01    0.80080E+04    0.80080E-01    0.23724E+00
   -0.15012E+01    0.10219E+05    0.10219E+00    0.33943E+00
   -0.14923E+01    0.11462E+05    0.11462E+00    0.45405E+00
   -0.14834E+01    0.12059E+05    0.12059E+00    0.57464E+00
   -0.14745E+01    0.11672E+05    0.11672E+00    0.69136E+00
   -0.14656E+01    0.99920E+04    0.99920E-01    0.79128E+00
   -0.14567E+01    0.79190E+04    0.79190E-01    0.87047E+00
   -0.14478E+01    0.55110E+04    0.55110E-01    0.92558E+00
   -0.14389E+01    0.36040E+04    0.36040E-01    0.96162E+00
   -0.14300E+01    0.19830E+04    0.19830E-01    0.98145E+00
   -0.14211E+01    0.10720E+04    0.10720E-01    0.99217E+00
   -0.14122E+01    0.48700E+03    0.48700E-02    0.99704E+00
   -0.14033E+01    0.19400E+03    0.19400E-02    0.99898E+00
   -0.13944E+01    0.68000E+02    0.68000E-03    0.99966E+00
   -0.13855E+01    0.26000E+02    0.26000E-03    0.99992E+00
   -0.13766E+01    0.80000E+01    0.80000E-04    0.10000E+01
