    0.14916E+02    0.30000E+01    0.30000E-04    0.30000E-04
    0.14991E+02    0.50000E+01    0.50000E-04    0.80000E-04
    0.15066E+02    0.32000E+02    0.32000E-03    0.40000E-03
    0.15141E+02    0.70000E+02    0.70000E-03    0.11000E-02
    0.15216E+02    0.18000E+03    0.18000E-02    0.29000E-02
    0.15291E+02    0.46300E+03    0.46300E-02    0.75300E-02
    0.15366E+02    0.10170E+04    0.10170E-01    0.17700E-01
    0.15441E+02    0.21130E+04    0.21130E-01    0.38830E-01
    0.15516E+02    0.35300E+04    0.35300E-01    0.74130E-01
    0.15591E+02    0.55510E+04    0.55510E-01    0.12964E+00
    0.15666E+02    0.78960E+04    0.78960E-01    0.20860E+00
    0.15741E+02    0.10044E+05    0.10044E+00    0.30904E+00
    0.15816E+02    0.11693E+05    0.11693E+00    0.42597E+00
    0.15891E+02    0.12287E+05    0.12287E+00    0.54884E+00
    0.15966E+02    0.11321E+05    0.11321E+00    0.66205E+00
    0.16041E+02    0.10145E+05    0.10145E+00    0.76350E+00
    0.16117E+02    0.79380E+04    0.79380E-01    0.84288E+00
    0.16192E+02    0.59320E+04    0.59320E-01    0.90220E+00
    0.16267E+02    0.40420E+04    0.40420E-01    0.94262E+00
    0.16342E+02    0.25930E+04    0.25930E-01    0.96855E+00
    0.16417E+02    0.14990E+04    0.14990E-01    0.98354E+00
    0.16492E+02    0.86700E+03    0.86700E-02    0.99221E+00
    0.16567E+02    0.42900E+03    0.42900E-02    0.99650E+00
    0.16642E+02    0.19800E+03    0.19800E-02    0.99848E+00
    0.16717E+02    0.90000E+02    0.90000E-03    0.99938E+00
    0.16792E+02    0.42000E+02    0.42000E-03    0.99980E+00
    0.16867E+02    0.11000E+02    0.11000E-03    0.99991E+00
    0.16942E+02    0.60000E+01    0.60000E-04    0.99997E+00
    0.17017E+02    0.10000E+01    0.10000E-04    0.99998E+00
    0.17092E+02    0.20000E+01    0.20000E-04    0.10000E+01
