 >> Number of Processors =  10
 
    >>Normalized Constraint Values:
  0.11901E+01  0.39783E-01  0.12696E+01     29.91434
 -0.43525E+00  0.16810E-01 -0.40164E+00    -25.89285
 -0.20602E+01  0.21466E-01 -0.20173E+01    -95.97348
 -0.31901E+01  0.39651E-01 -0.31108E+01    -80.45340
 -0.15647E+01  0.16853E-01 -0.15310E+01    -92.84859
  0.60187E-01  0.21477E-01  0.10314E+00      2.80237
  0.13032E+00  0.41019E-01  0.21236E+00      3.17715
  0.22526E+01  0.50997E-01  0.23546E+01     44.17202
 
 
    >>Objective:       7.6597       0.0049       7.6646
    >>Coeff of variance :       0.0091
 
 iter    objective      ||grad||        inf_pr          inf_du         lg(mu)
    0  0.7664640E+01  0.0000000E+00  0.2364632E+01  0.1188684E+01  0.1000000E+01
 
    >>Normalized Constraint Values:
  0.66471E+00  0.22682E-01  0.71007E+00     29.30580
 -0.40880E+00  0.18633E-01 -0.37154E+00    -21.94008
 -0.18431E+01  0.18959E-01 -0.18052E+01    -97.21865
 -0.26647E+01  0.22667E-01 -0.26194E+01   -117.56008
 -0.15912E+01  0.18647E-01 -0.15539E+01    -85.33470
 -0.15688E+00  0.19003E-01 -0.11887E+00     -8.25546
 -0.10298E+00  0.40215E-01 -0.22551E-01     -2.56078
  0.14647E+01  0.30633E-01  0.15259E+01     47.81323
 
 
    >>Objective:       9.2749       0.0195       9.2944
    >>Coeff of variance :       0.0151
    1  0.9294429E+01  0.1516715E+01  0.1674935E+01  0.1043368E+02  0.3233719E+00
 
    >>Normalized Constraint Values:
  0.29755E+00  0.97015E-02  0.31696E+00     30.67096
 -0.26935E+00  0.12764E-01 -0.24382E+00    -21.10290
 -0.14537E+01  0.30293E-01 -0.13931E+01    -47.98803
 -0.22976E+01  0.97511E-02 -0.22781E+01   -235.62039
 -0.17307E+01  0.12768E-01 -0.17051E+01   -135.54912
 -0.54629E+00  0.30272E-01 -0.48575E+00    -18.04602
 -0.10541E-01  0.49047E-01  0.87552E-01     -0.21493
  0.66314E+00  0.33005E-01  0.72915E+00     20.09196
 
 
    >>Objective:       9.6854       0.0151       9.7005
    >>Coeff of variance :       0.0127
    2  0.9700491E+01  0.9759917E+00  0.8031805E+00  0.5243257E+01  0.3683013E+00
 
    >>Normalized Constraint Values:
  0.11531E-01  0.14016E-01  0.39564E-01      0.82270
 -0.30303E+00  0.16699E-01 -0.26963E+00    -18.14602
 -0.13327E+01  0.21538E-01 -0.12897E+01    -61.87926
 -0.20115E+01  0.14005E-01 -0.19835E+01   -143.63032
 -0.16970E+01  0.16698E-01 -0.16636E+01   -101.62606
 -0.66725E+00  0.21448E-01 -0.62436E+00    -31.11035
  0.19056E-01  0.43625E-01  0.10631E+00      0.43682
  0.45196E+00  0.25283E-01  0.50252E+00     17.87568
 
 
    >>Objective:      11.9386       0.0318      11.9704
    >>Coeff of variance :       0.0149
    3  0.1197044E+02  0.1010783E+01  0.5032650E+00  0.1771321E+02  0.4042161E+00
 
    >>Normalized Constraint Values:
 -0.15818E+00  0.69354E-02 -0.14431E+00    -22.80774
 -0.50387E+00  0.11350E-01 -0.48117E+00    -44.39513
 -0.12965E+01  0.25678E-01 -0.12451E+01    -50.49053
 -0.18418E+01  0.69549E-02 -0.18279E+01   -264.82116
 -0.14961E+01  0.11355E-01 -0.14734E+01   -131.75888
 -0.70352E+00  0.25713E-01 -0.65209E+00    -27.36004
 -0.32326E+00  0.42458E-01 -0.23835E+00     -7.61372
  0.12102E+00  0.24854E-01  0.17073E+00      4.86942
 
 
    >>Objective:      13.7615       0.0323      13.7938
    >>Coeff of variance :       0.0131
    4  0.1379378E+02  0.1325185E+01  0.1877561E+00  0.8378745E+01  0.2253609E+00
 
    >>Normalized Constraint Values:
 -0.15397E+00  0.68835E-02 -0.14021E+00    -22.36849
 -0.42169E+00  0.17433E-01 -0.38682E+00    -24.18859
 -0.11777E+01  0.24288E-01 -0.11292E+01    -48.49052
 -0.18460E+01  0.68582E-02 -0.18323E+01   -269.17259
 -0.15783E+01  0.17433E-01 -0.15434E+01    -90.53484
 -0.82226E+00  0.24248E-01 -0.77376E+00    -33.91037
 -0.46058E-01  0.55741E-01  0.65423E-01     -0.82629
  0.18440E-01  0.20934E-01  0.60307E-01      0.88090
 
 
    >>Objective:      14.6263       0.0499      14.6762
    >>Coeff of variance :       0.0153
    5  0.1467620E+02  0.6100342E+00  0.6812225E-01  0.3192361E+01  0.5884538E-01
 
    >>Normalized Constraint Values:
 -0.18393E+00  0.69919E-02 -0.16994E+00    -26.30571
 -0.45286E+00  0.16046E-01 -0.42077E+00    -28.22216
 -0.11982E+01  0.23423E-01 -0.11514E+01    -51.15700
 -0.18161E+01  0.69964E-02 -0.18021E+01   -259.57459
 -0.15471E+01  0.16041E-01 -0.15151E+01    -96.44830
 -0.80177E+00  0.23473E-01 -0.75482E+00    -34.15663
 -0.11825E+00  0.53032E-01 -0.12184E-01     -2.22975
 -0.87763E-04  0.21625E-01  0.43163E-01     -0.00406
 
 
    >>Objective:      15.0429       0.0520      15.0948
    >>Coeff of variance :       0.0152
    6  0.1509483E+02  0.5335258E+00  0.4565557E-01  0.1058307E+02  0.5354644E-01
 
    >>Normalized Constraint Values:
 -0.22197E+00  0.77759E-02 -0.20642E+00    -28.54568
 -0.46148E+00  0.15680E-01 -0.43012E+00    -29.43045
 -0.11913E+01  0.21447E-01 -0.11484E+01    -55.54689
 -0.17780E+01  0.77709E-02 -0.17625E+01   -228.80687
 -0.15385E+01  0.15687E-01 -0.15072E+01    -98.07777
 -0.80869E+00  0.21489E-01 -0.76571E+00    -37.63288
 -0.11818E+00  0.51974E-01 -0.14228E-01     -2.27376
 -0.38162E-01  0.21323E-01  0.44843E-02     -1.78970
 
 
    >>Objective:      15.9142       0.0631      15.9773
    >>Coeff of variance :       0.0158
    7  0.1597729E+02  0.2163168E+00  0.8491643E-02  0.2528063E+01  0.4368512E-02
 
    >>Normalized Constraint Values:
 -0.21896E+00  0.76678E-02 -0.20363E+00    -28.55615
 -0.45771E+00  0.15775E-01 -0.42616E+00    -29.01543
 -0.11857E+01  0.21082E-01 -0.11435E+01    -56.23901
 -0.17810E+01  0.76813E-02 -0.17657E+01   -231.86629
 -0.15423E+01  0.15776E-01 -0.15107E+01    -97.76220
 -0.81435E+00  0.21174E-01 -0.77200E+00    -38.46080
 -0.10565E+00  0.51708E-01 -0.22367E-02     -2.04326
 -0.42540E-01  0.20678E-01 -0.11853E-02     -2.05732
 
 
    >>Objective:      15.9894       0.0638      16.0531
    >>Coeff of variance :       0.0158
    8  0.1605314E+02  0.6333416E-01  0.1062206E-02  0.6046737E+00  0.3082977E-02
 
    >>Normalized Constraint Values:
 -0.20660E+00  0.72433E-02 -0.19211E+00    -28.52266
 -0.45606E+00  0.15684E-01 -0.42470E+00    -29.07899
 -0.11831E+01  0.20991E-01 -0.11411E+01    -56.36346
 -0.17934E+01  0.72374E-02 -0.17789E+01   -247.79674
 -0.15439E+01  0.15681E-01 -0.15126E+01    -98.46183
 -0.81689E+00  0.20938E-01 -0.77501E+00    -39.01410
 -0.10202E+00  0.51327E-01  0.63659E-03     -1.98760
 -0.41252E-01  0.20154E-01 -0.94362E-03     -2.04682
 
 
    >>Objective:      15.9262       0.0618      15.9880
    >>Coeff of variance :       0.0156
    9  0.1598803E+02  0.8941271E-01  0.1054986E-02  0.3182523E+00  0.2760627E-03
 
    >>Normalized Constraint Values:
 -0.20531E+00  0.72011E-02 -0.19091E+00    -28.51084
 -0.45601E+00  0.15674E-01 -0.42466E+00    -29.09401
 -0.11833E+01  0.21048E-01 -0.11412E+01    -56.21779
 -0.17947E+01  0.71957E-02 -0.17803E+01   -249.41294
 -0.15440E+01  0.15676E-01 -0.15126E+01    -98.49173
 -0.81672E+00  0.20979E-01 -0.77476E+00    -38.93027
 -0.10239E+00  0.51310E-01  0.23153E-03     -1.99549
 -0.40310E-01  0.20132E-01 -0.47207E-04     -2.00234
 
 
    >>Objective:      15.9019       0.0612      15.9631
    >>Coeff of variance :       0.0156
   10  0.1596306E+02  0.6555419E-02  0.2439611E-03  0.4306582E-01  0.1170842E-04
 
    >>Normalized Constraint Values:
 -0.20553E+00  0.72079E-02 -0.19112E+00    -28.51512
 -0.45608E+00  0.15675E-01 -0.42473E+00    -29.09551
 -0.11833E+01  0.21051E-01 -0.11412E+01    -56.21307
 -0.17945E+01  0.72304E-02 -0.17800E+01   -248.18291
 -0.15439E+01  0.15675E-01 -0.15126E+01    -98.49766
 -0.81666E+00  0.21000E-01 -0.77466E+00    -38.88921
 -0.10262E+00  0.51216E-01 -0.19226E-03     -2.00375
 -0.40248E-01  0.20146E-01  0.44837E-04     -1.99777
 
 
    >>Objective:      15.9012       0.0615      15.9627
    >>Coeff of variance :       0.0156
   11  0.1596274E+02  0.1676458E-02  0.1921495E-03  0.7321658E-02  0.3447690E-06
 
    >>Normalized Constraint Values:
 -0.20555E+00  0.72037E-02 -0.19114E+00    -28.53351
 -0.45603E+00  0.15678E-01 -0.42468E+00    -29.08727
 -0.11833E+01  0.21019E-01 -0.11413E+01    -56.29631
 -0.17945E+01  0.72148E-02 -0.17800E+01   -248.71771
 -0.15440E+01  0.15683E-01 -0.15126E+01    -98.44880
 -0.81670E+00  0.21037E-01 -0.77463E+00    -38.82261
 -0.10244E+00  0.51311E-01  0.18386E-03     -1.99642
 -0.40279E-01  0.20177E-01  0.76128E-04     -1.99623
 
 
    >>Objective:      15.9015       0.0612      15.9627
    >>Coeff of variance :       0.0156
   12  0.1596272E+02  0.2297785E-03  0.1838541E-03  0.2859946E-02  0.2756973E-08
 
 The solution was found.
 
 The final value of the objective function is    15.9627161601752     
 
 The optimal values of X are:
 
 X  (           1 ) =    5.00000000000000      in^2
 X  (           2 ) =    1.82195225870597      in^2
 X  (           3 ) =    2.89489835568908      in^2
 X  (           4 ) =    37.4636875026473      deg
 X  (           5 ) =    60.0000000000000      deg
 X  (           6 ) =    148.662642932390      deg
 
 The multipliers for the equality constraints are:
 
 LAM(           1 ) =   1.435571761829043E-008
 LAM(           2 ) =   6.598425540895094E-009
 LAM(           3 ) =   2.429631009038041E-009
 LAM(           4 ) =   1.557996267396475E-009
 LAM(           5 ) =   1.813173449317954E-009
 LAM(           6 ) =   3.560653649325452E-009
 LAM(           7 ) =    2.50545998130358     
 LAM(           8 ) =    26.4593497314830     
 
Weight, variance, SD, CV:      15.9015       0.0612       0.2473       0.0156
