    0.92248E+01    0.30000E+01    0.30000E-04    0.30000E-04
    0.92682E+01    0.60000E+01    0.60000E-04    0.90000E-04
    0.93116E+01    0.28000E+02    0.28000E-03    0.37000E-03
    0.93550E+01    0.97000E+02    0.97000E-03    0.13400E-02
    0.93984E+01    0.25100E+03    0.25100E-02    0.38500E-02
    0.94418E+01    0.64100E+03    0.64100E-02    0.10260E-01
    0.94852E+01    0.14040E+04    0.14040E-01    0.24300E-01
    0.95286E+01    0.27040E+04    0.27040E-01    0.51340E-01
    0.95720E+01    0.45080E+04    0.45080E-01    0.96420E-01
    0.96154E+01    0.68240E+04    0.68240E-01    0.16466E+00
    0.96588E+01    0.91960E+04    0.91960E-01    0.25662E+00
    0.97021E+01    0.10888E+05    0.10888E+00    0.36550E+00
    0.97455E+01    0.12161E+05    0.12161E+00    0.48711E+00
    0.97889E+01    0.12025E+05    0.12025E+00    0.60736E+00
    0.98323E+01    0.11092E+05    0.11092E+00    0.71828E+00
    0.98757E+01    0.90770E+04    0.90770E-01    0.80905E+00
    0.99191E+01    0.68570E+04    0.68570E-01    0.87762E+00
    0.99625E+01    0.49360E+04    0.49360E-01    0.92698E+00
    0.10006E+02    0.31700E+04    0.31700E-01    0.95868E+00
    0.10049E+02    0.19450E+04    0.19450E-01    0.97813E+00
    0.10093E+02    0.10600E+04    0.10600E-01    0.98873E+00
    0.10136E+02    0.60000E+03    0.60000E-02    0.99473E+00
    0.10179E+02    0.29200E+03    0.29200E-02    0.99765E+00
    0.10223E+02    0.13500E+03    0.13500E-02    0.99900E+00
    0.10266E+02    0.61000E+02    0.61000E-03    0.99961E+00
    0.10310E+02    0.22000E+02    0.22000E-03    0.99983E+00
    0.10353E+02    0.12000E+02    0.12000E-03    0.99995E+00
    0.10396E+02    0.30000E+01    0.30000E-04    0.99998E+00
    0.10440E+02    0.10000E+01    0.10000E-04    0.99999E+00
    0.10483E+02    0.10000E+01    0.10000E-04    0.10000E+01
