   -0.21678E+00    0.10000E+01    0.10000E-04    0.10000E-04
   -0.21469E+00    0.00000E+00    0.00000E+00    0.10000E-04
   -0.21261E+00    0.40000E+01    0.40000E-04    0.50000E-04
   -0.21052E+00    0.70000E+01    0.70000E-04    0.12000E-03
   -0.20844E+00    0.19000E+02    0.19000E-03    0.31000E-03
   -0.20635E+00    0.41000E+02    0.41000E-03    0.72000E-03
   -0.20427E+00    0.76000E+02    0.76000E-03    0.14800E-02
   -0.20218E+00    0.18700E+03    0.18700E-02    0.33500E-02
   -0.20009E+00    0.35400E+03    0.35400E-02    0.68900E-02
   -0.19801E+00    0.70400E+03    0.70400E-02    0.13930E-01
   -0.19592E+00    0.12210E+04    0.12210E-01    0.26140E-01
   -0.19384E+00    0.20410E+04    0.20410E-01    0.46550E-01
   -0.19175E+00    0.33720E+04    0.33720E-01    0.80270E-01
   -0.18967E+00    0.47990E+04    0.47990E-01    0.12826E+00
   -0.18758E+00    0.67450E+04    0.67450E-01    0.19571E+00
   -0.18550E+00    0.89160E+04    0.89160E-01    0.28487E+00
   -0.18341E+00    0.10559E+05    0.10559E+00    0.39046E+00
   -0.18132E+00    0.11561E+05    0.11561E+00    0.50607E+00
   -0.17924E+00    0.11705E+05    0.11705E+00    0.62312E+00
   -0.17715E+00    0.10859E+05    0.10859E+00    0.73171E+00
   -0.17507E+00    0.92270E+04    0.92270E-01    0.82398E+00
   -0.17298E+00    0.70320E+04    0.70320E-01    0.89430E+00
   -0.17090E+00    0.48380E+04    0.48380E-01    0.94268E+00
   -0.16881E+00    0.29060E+04    0.29060E-01    0.97174E+00
   -0.16673E+00    0.15930E+04    0.15930E-01    0.98767E+00
   -0.16464E+00    0.76200E+03    0.76200E-02    0.99529E+00
   -0.16256E+00    0.31300E+03    0.31300E-02    0.99842E+00
   -0.16047E+00    0.11800E+03    0.11800E-02    0.99960E+00
   -0.15838E+00    0.31000E+02    0.31000E-03    0.99991E+00
   -0.15630E+00    0.90000E+01    0.90000E-04    0.10000E+01
