   -0.20317E+01    0.10000E+01    0.10000E-04    0.10000E-04
   -0.20287E+01    0.00000E+00    0.00000E+00    0.10000E-04
   -0.20256E+01    0.00000E+00    0.00000E+00    0.10000E-04
   -0.20226E+01    0.00000E+00    0.00000E+00    0.10000E-04
   -0.20196E+01    0.30000E+01    0.30000E-04    0.40000E-04
   -0.20166E+01    0.17000E+02    0.17000E-03    0.21000E-03
   -0.20136E+01    0.43000E+02    0.43000E-03    0.64000E-03
   -0.20106E+01    0.12500E+03    0.12500E-02    0.18900E-02
   -0.20075E+01    0.36900E+03    0.36900E-02    0.55800E-02
   -0.20045E+01    0.90300E+03    0.90300E-02    0.14610E-01
   -0.20015E+01    0.18730E+04    0.18730E-01    0.33340E-01
   -0.19985E+01    0.35100E+04    0.35100E-01    0.68440E-01
   -0.19955E+01    0.60270E+04    0.60270E-01    0.12871E+00
   -0.19925E+01    0.87850E+04    0.87850E-01    0.21656E+00
   -0.19894E+01    0.11652E+05    0.11652E+00    0.33308E+00
   -0.19864E+01    0.13919E+05    0.13919E+00    0.47227E+00
   -0.19834E+01    0.13858E+05    0.13858E+00    0.61085E+00
   -0.19804E+01    0.12753E+05    0.12753E+00    0.73838E+00
   -0.19774E+01    0.10035E+05    0.10035E+00    0.83873E+00
   -0.19744E+01    0.70450E+04    0.70450E-01    0.90918E+00
   -0.19713E+01    0.44880E+04    0.44880E-01    0.95406E+00
   -0.19683E+01    0.24050E+04    0.24050E-01    0.97811E+00
   -0.19653E+01    0.12990E+04    0.12990E-01    0.99110E+00
   -0.19623E+01    0.54300E+03    0.54300E-02    0.99653E+00
   -0.19593E+01    0.24000E+03    0.24000E-02    0.99893E+00
   -0.19563E+01    0.78000E+02    0.78000E-03    0.99971E+00
   -0.19532E+01    0.21000E+02    0.21000E-03    0.99992E+00
   -0.19502E+01    0.40000E+01    0.40000E-04    0.99996E+00
   -0.19472E+01    0.20000E+01    0.20000E-04    0.99998E+00
   -0.19442E+01    0.20000E+01    0.20000E-04    0.10000E+01
