   -0.15438E+01    0.20000E+01    0.20000E-04    0.20000E-04
   -0.15377E+01    0.20000E+01    0.20000E-04    0.40000E-04
   -0.15315E+01    0.60000E+01    0.60000E-04    0.10000E-03
   -0.15254E+01    0.18000E+02    0.18000E-03    0.28000E-03
   -0.15193E+01    0.47000E+02    0.47000E-03    0.75000E-03
   -0.15132E+01    0.10200E+03    0.10200E-02    0.17700E-02
   -0.15071E+01    0.20900E+03    0.20900E-02    0.38600E-02
   -0.15010E+01    0.47400E+03    0.47400E-02    0.86000E-02
   -0.14949E+01    0.83500E+03    0.83500E-02    0.16950E-01
   -0.14888E+01    0.15530E+04    0.15530E-01    0.32480E-01
   -0.14827E+01    0.26260E+04    0.26260E-01    0.58740E-01
   -0.14766E+01    0.41070E+04    0.41070E-01    0.99810E-01
   -0.14705E+01    0.59320E+04    0.59320E-01    0.15913E+00
   -0.14643E+01    0.81080E+04    0.81080E-01    0.24021E+00
   -0.14582E+01    0.10047E+05    0.10047E+00    0.34068E+00
   -0.14521E+01    0.11594E+05    0.11594E+00    0.45662E+00
   -0.14460E+01    0.12145E+05    0.12145E+00    0.57807E+00
   -0.14399E+01    0.11640E+05    0.11640E+00    0.69447E+00
   -0.14338E+01    0.99090E+04    0.99090E-01    0.79356E+00
   -0.14277E+01    0.77920E+04    0.77920E-01    0.87148E+00
   -0.14216E+01    0.56200E+04    0.56200E-01    0.92768E+00
   -0.14155E+01    0.34970E+04    0.34970E-01    0.96265E+00
   -0.14094E+01    0.20000E+04    0.20000E-01    0.98265E+00
   -0.14033E+01    0.97600E+03    0.97600E-02    0.99241E+00
   -0.13971E+01    0.46300E+03    0.46300E-02    0.99704E+00
   -0.13910E+01    0.18600E+03    0.18600E-02    0.99890E+00
   -0.13849E+01    0.70000E+02    0.70000E-03    0.99960E+00
   -0.13788E+01    0.27000E+02    0.27000E-03    0.99987E+00
   -0.13727E+01    0.60000E+01    0.60000E-04    0.99993E+00
   -0.13666E+01    0.70000E+01    0.70000E-04    0.10000E+01
