 >> Number of Processors =   6
 
    >>Normalized Constraint Values:
  0.12011E+01  0.39830E-01  0.12409E+01     30.15483
 -0.43022E+00  0.16860E-01 -0.41336E+00    -25.51669
 -0.20516E+01  0.21427E-01 -0.20302E+01    -95.75029
 -0.31792E+01  0.39528E-01 -0.31396E+01    -80.42774
 -0.15597E+01  0.16795E-01 -0.15430E+01    -92.86741
  0.68833E-01  0.21509E-01  0.90342E-01      3.20012
  0.14041E+00  0.41150E-01  0.18156E+00      3.41212
  0.22690E+01  0.51183E-01  0.23202E+01     44.33203
 
 
    >>Objective:       7.6981       0.0049       7.7030
    >>Coeff of variance :       0.0091
 
 iter    objective      ||grad||        inf_pr          inf_du         lg(mu)
    0  0.7702996E+01  0.0000000E+00  0.2330229E+01  0.1266931E+01  0.1000000E+01
 
    >>Normalized Constraint Values:
  0.66681E+00  0.22388E-01  0.68919E+00     29.78409
 -0.40403E+00  0.18565E-01 -0.38546E+00    -21.76306
 -0.18280E+01  0.19062E-01 -0.18089E+01    -95.89361
 -0.26515E+01  0.22231E-01 -0.26293E+01   -119.27236
 -0.15861E+01  0.18494E-01 -0.15676E+01    -85.76287
 -0.15958E+00  0.19171E-01 -0.14040E+00     -8.32377
 -0.91914E-01  0.39807E-01 -0.52106E-01     -2.30896
  0.14566E+01  0.30923E-01  0.14875E+01     47.10433
 
 
    >>Objective:       9.3645       0.0200       9.3845
    >>Coeff of variance :       0.0151
    1  0.9384511E+01  0.1542446E+01  0.1644817E+01  0.1050308E+02  0.3395848E+00
 
    >>Normalized Constraint Values:
  0.31740E+00  0.88050E-02  0.32621E+00     36.04815
 -0.28765E+00  0.10860E-01 -0.27679E+00    -26.48670
 -0.14925E+01  0.30829E-01 -0.14617E+01    -48.41314
 -0.23053E+01  0.87426E-02 -0.22966E+01   -263.68966
 -0.17046E+01  0.10733E-01 -0.16939E+01   -158.82136
 -0.50015E+00  0.30988E-01 -0.46916E+00    -16.14002
 -0.81542E-01  0.45374E-01 -0.36167E-01     -1.79709
  0.70799E+00  0.35323E-01  0.74331E+00     20.04312
 
 
    >>Objective:       9.6228       0.0141       9.6369
    >>Coeff of variance :       0.0123
    2  0.9636926E+01  0.1010188E+01  0.8391103E+00  0.5948309E+01  0.4037218E+00
 
    >>Normalized Constraint Values:
 -0.84251E-02  0.14578E-01  0.61529E-02     -0.57793
 -0.30177E+00  0.17024E-01 -0.28475E+00    -17.72590
 -0.13263E+01  0.19836E-01 -0.13065E+01    -66.86429
 -0.19842E+01  0.14573E-01 -0.19696E+01   -136.15177
 -0.16915E+01  0.16887E-01 -0.16746E+01   -100.16553
 -0.66648E+00  0.19973E-01 -0.64651E+00    -33.36899
  0.15792E-01  0.40970E-01  0.56762E-01      0.38546
  0.47847E+00  0.25947E-01  0.50441E+00     18.44008
 
 
    >>Objective:      12.2586       0.0358      12.2944
    >>Coeff of variance :       0.0154
    3  0.1229444E+02  0.9406299E+00  0.5053712E+00  0.2043610E+02  0.4521910E+00
 
    >>Normalized Constraint Values:
 -0.10805E+00  0.86265E-02 -0.99427E-01    -12.52572
 -0.44447E+00  0.12786E-01 -0.43168E+00    -34.76247
 -0.12756E+01  0.25070E-01 -0.12506E+01    -50.88412
 -0.18861E+01  0.85998E-02 -0.18775E+01   -219.31923
 -0.15510E+01  0.12687E-01 -0.15384E+01   -122.25473
 -0.71944E+00  0.25296E-01 -0.69414E+00    -28.44093
 -0.20125E+00  0.44004E-01 -0.15724E+00     -4.57345
  0.18657E+00  0.23499E-01  0.21007E+00      7.93980
 
 
    >>Objective:      13.1766       0.0314      13.2080
    >>Coeff of variance :       0.0134
    4  0.1320797E+02  0.1024755E+01  0.2322678E+00  0.2659357E+01  0.2790356E+00
 
    >>Normalized Constraint Values:
 -0.16633E+00  0.73727E-02 -0.15896E+00    -22.56064
 -0.45116E+00  0.15320E-01 -0.43584E+00    -29.44867
 -0.12154E+01  0.24172E-01 -0.11912E+01    -50.27869
 -0.18284E+01  0.73650E-02 -0.18210E+01   -248.25641
 -0.15445E+01  0.15203E-01 -0.15293E+01   -101.59206
 -0.78031E+00  0.24249E-01 -0.75606E+00    -32.17915
 -0.14093E+00  0.50889E-01 -0.90043E-01     -2.76941
  0.48958E-01  0.22012E-01  0.70970E-01      2.22411
 
 
    >>Objective:      14.5065       0.0455      14.5520
    >>Coeff of variance :       0.0147
    5  0.1455201E+02  0.7603098E+00  0.7119243E-01  0.2638880E+01  0.6548455E-01
 
    >>Normalized Constraint Values:
 -0.13841E+00  0.65159E-02 -0.13190E+00    -21.24212
 -0.41489E+00  0.18255E-01 -0.39663E+00    -22.72780
 -0.11811E+01  0.25268E-01 -0.11558E+01    -46.74289
 -0.18559E+01  0.65244E-02 -0.18493E+01   -284.45017
 -0.15802E+01  0.18089E-01 -0.15621E+01    -87.35456
 -0.81458E+00  0.25379E-01 -0.78920E+00    -32.09674
 -0.29020E-01  0.59287E-01  0.30267E-01     -0.48949
  0.22070E-01  0.22533E-01  0.44603E-01      0.97947
 
 
    >>Objective:      14.5210       0.0501      14.5711
    >>Coeff of variance :       0.0154
    6  0.1457108E+02  0.8774120E+00  0.4499132E-01  0.2004036E+01  0.1262880E-01
 
    >>Normalized Constraint Values:
 -0.16304E+00  0.68759E-02 -0.15616E+00    -23.71108
 -0.42634E+00  0.17980E-01 -0.40836E+00    -23.71222
 -0.11828E+01  0.24842E-01 -0.11580E+01    -47.61274
 -0.18315E+01  0.68797E-02 -0.18247E+01   -266.22491
 -0.15689E+01  0.17832E-01 -0.15511E+01    -87.98327
 -0.81289E+00  0.24840E-01 -0.78805E+00    -32.72518
 -0.47661E-01  0.59013E-01  0.11353E-01     -0.80763
  0.26383E-02  0.22891E-01  0.25530E-01      0.11525
 
 
    >>Objective:      14.8475       0.0538      14.9013
    >>Coeff of variance :       0.0156
    7  0.1490129E+02  0.2202393E+00  0.2591490E-01  0.6299842E+01  0.1055682E-01
 
    >>Normalized Constraint Values:
 -0.19234E+00  0.75625E-02 -0.18477E+00    -25.43301
 -0.43584E+00  0.17454E-01 -0.41839E+00    -24.97108
 -0.11828E+01  0.23528E-01 -0.11593E+01    -50.27137
 -0.18026E+01  0.75538E-02 -0.17950E+01   -238.63069
 -0.15596E+01  0.17314E-01 -0.15423E+01    -90.07852
 -0.81300E+00  0.23565E-01 -0.78944E+00    -34.50069
 -0.60568E-01  0.57528E-01 -0.30408E-02     -1.05286
 -0.17519E-01  0.22662E-01  0.51423E-02     -0.77308
 
 
    >>Objective:      15.3416       0.0595      15.4010
    >>Coeff of variance :       0.0159
    8  0.1540103E+02  0.1882197E+00  0.5221101E-02  0.1513538E+01  0.5296330E-03
 
    >>Normalized Constraint Values:
 -0.18448E+00  0.71862E-02 -0.17729E+00    -25.67141
 -0.43634E+00  0.17578E-01 -0.41877E+00    -24.82394
 -0.11842E+01  0.23373E-01 -0.11608E+01    -50.66276
 -0.18103E+01  0.71807E-02 -0.18032E+01   -252.11216
 -0.15591E+01  0.17428E-01 -0.15416E+01    -89.45759
 -0.81177E+00  0.23418E-01 -0.78835E+00    -34.66458
 -0.58484E-01  0.58418E-01 -0.66489E-04     -1.00114
 -0.23449E-01  0.23087E-01 -0.36123E-03     -1.01565
 
 
    >>Objective:      15.4417       0.0607      15.5024
    >>Coeff of variance :       0.0160
    9  0.1550242E+02  0.7072585E-01  0.5966688E-03  0.1191323E+01  0.1398948E-03
 
    >>Normalized Constraint Values:
 -0.18398E+00  0.71572E-02 -0.17683E+00    -25.70615
 -0.43642E+00  0.17431E-01 -0.41899E+00    -25.03751
 -0.11829E+01  0.23184E-01 -0.11597E+01    -51.02065
 -0.18108E+01  0.71527E-02 -0.18037E+01   -253.16820
 -0.15590E+01  0.17289E-01 -0.15417E+01    -90.17228
 -0.81312E+00  0.23274E-01 -0.78984E+00    -34.93631
 -0.59085E-01  0.57678E-01 -0.14073E-02     -1.02440
 -0.22988E-01  0.22590E-01 -0.39741E-03     -1.01759
 
 
    >>Objective:      15.4420       0.0603      15.5023
    >>Coeff of variance :       0.0159
   10  0.1550231E+02  0.2572283E-01  0.2889386E-03  0.3055265E+00  0.3883114E-02
 
    >>Normalized Constraint Values:
 -0.18048E+00  0.70437E-02 -0.17344E+00    -25.62349
 -0.43571E+00  0.17401E-01 -0.41831E+00    -25.03906
 -0.11817E+01  0.23096E-01 -0.11586E+01    -51.16228
 -0.18143E+01  0.70299E-02 -0.18073E+01   -258.08172
 -0.15597E+01  0.17257E-01 -0.15425E+01    -90.38281
 -0.81436E+00  0.23187E-01 -0.79117E+00    -35.12126
 -0.57372E-01  0.57492E-01  0.11964E-03     -0.99792
 -0.22599E-01  0.22380E-01 -0.21895E-03     -1.00978
 
 
    >>Objective:      15.4202       0.0597      15.4798
    >>Coeff of variance :       0.0158
   11  0.1547982E+02  0.2395691E-01  0.2267617E-03  0.2457692E-01  0.1068635E-03
 
    >>Normalized Constraint Values:
 -0.18040E+00  0.70289E-02 -0.17337E+00    -25.66581
 -0.43572E+00  0.17412E-01 -0.41831E+00    -25.02449
 -0.11818E+01  0.23183E-01 -0.11586E+01    -50.97758
 -0.18144E+01  0.70315E-02 -0.18073E+01   -258.03393
 -0.15597E+01  0.17262E-01 -0.15424E+01    -90.35547
 -0.81417E+00  0.23239E-01 -0.79094E+00    -35.03480
 -0.57474E-01  0.57491E-01  0.16282E-04     -0.99972
 -0.22383E-01  0.22364E-01 -0.19686E-04     -1.00088
 
 
    >>Objective:      15.4149       0.0596      15.4745
    >>Coeff of variance :       0.0158
   12  0.1547446E+02  0.3268764E-02  0.9106955E-04  0.1612679E-01  0.1845944E-05
 
    >>Normalized Constraint Values:
 -0.18048E+00  0.70282E-02 -0.17345E+00    -25.67903
 -0.43573E+00  0.17412E-01 -0.41832E+00    -25.02430
 -0.11819E+01  0.23075E-01 -0.11588E+01    -51.21984
 -0.18143E+01  0.70308E-02 -0.18073E+01   -258.05081
 -0.15597E+01  0.17266E-01 -0.15424E+01    -90.33383
 -0.81409E+00  0.23305E-01 -0.79079E+00    -34.93221
 -0.57531E-01  0.57511E-01 -0.19571E-04     -1.00034
 -0.22365E-01  0.22377E-01  0.12188E-04     -0.99946
 
 
    >>Objective:      15.4141       0.0599      15.4740
    >>Coeff of variance :       0.0159
   13  0.1547398E+02  0.1638061E-02  0.1126924E-03  0.2544191E-01  0.4771569E-07
 
    >>Normalized Constraint Values:
 -0.18053E+00  0.70261E-02 -0.17350E+00    -25.69402
 -0.43573E+00  0.17406E-01 -0.41832E+00    -25.03318
 -0.11819E+01  0.23180E-01 -0.11587E+01    -50.98825
 -0.18142E+01  0.70384E-02 -0.18072E+01   -257.76214
 -0.15597E+01  0.17272E-01 -0.15424E+01    -90.30357
 -0.81411E+00  0.23178E-01 -0.79093E+00    -35.12456
 -0.57532E-01  0.57459E-01 -0.72967E-04     -1.00127
 -0.22360E-01  0.22344E-01 -0.16141E-04     -1.00072
 
 
    >>Objective:      15.4145       0.0597      15.4742
    >>Coeff of variance :       0.0158
 
    >>Normalized Constraint Values:
 -0.18049E+00  0.70361E-02 -0.17346E+00    -25.65223
 -0.43570E+00  0.17418E-01 -0.41828E+00    -25.01369
 -0.11819E+01  0.23152E-01 -0.11587E+01    -51.04913
 -0.18143E+01  0.70358E-02 -0.18072E+01   -257.86619
 -0.15597E+01  0.17269E-01 -0.15425E+01    -90.32132
 -0.81412E+00  0.23210E-01 -0.79091E+00    -35.07549
 -0.57459E-01  0.57549E-01  0.90096E-04     -0.99843
 -0.22351E-01  0.22400E-01  0.48734E-04     -0.99782
 
 
    >>Objective:      15.4137       0.0597      15.4734
    >>Coeff of variance :       0.0159
   14  0.1547341E+02  0.2925277E-03  0.9008626E-04  0.7445174E-02  0.1432151E-08
 
 The solution was found.
 
 The final value of the objective function is    15.4734095217819     
 
 The optimal values of X are:
 
 X  (           1 ) =    5.00000000000000      in^2
 X  (           2 ) =    1.66469349152059      in^2
 X  (           3 ) =    2.66110607375118      in^2
 X  (           4 ) =    37.4909534997955      deg
 X  (           5 ) =    60.0000000000000      deg
 X  (           6 ) =    149.332492987537      deg
 
 The multipliers for the equality constraints are:
 
 LAM(           1 ) =   8.229567903499319E-009
 LAM(           2 ) =   3.429422204215997E-009
 LAM(           3 ) =   1.237100574162043E-009
 LAM(           4 ) =   7.926859893977829E-010
 LAM(           5 ) =   9.278715050552023E-010
 LAM(           6 ) =   1.804495803496079E-009
 LAM(           7 ) =    3.22506868370854     
 LAM(           8 ) =    25.3875037924947     
 
Weight, variance, SD, CV:      15.4137       0.0597       0.2443       0.0159
