  0.338604863039111       9.237672105397263E-002  0.552891655167212     
  0.742277935693604       0.678999035453317       0.708669086019759     
  0.103196237684851       0.954030249045390       0.963397701172749     
  0.850201267125056       0.265706055808591       0.307922244503597     
  5.683450661168340E-002  0.307886877817842       0.542266833374343     
  0.165828489164950       5.130722172899690E-002  0.292461632942441     
  0.924244990978081       0.475648027969339       0.868182119707179     
  0.354528895117623       0.975026779330312       0.381713510178829     
  0.618864388420221       0.913011247467558       0.321034543228671     
  0.684810675083607       0.117967236335443       0.593085295130159     
  0.199223037740826       0.830513516458254       0.570762155241079     
  0.479526353034291       0.406188357842183       0.989198310825228     
  0.933898218370679       0.187040606953205       0.369803148774605     
  0.234252710268866       0.625963834116550       0.884969737503509     
  0.843922187460523       0.608642760160565       0.186378226500824     
  0.903652939362300       0.148525195634192       0.458852811744950     
  0.574262213309331       0.538825102224491       0.421965627444685     
  0.504329439447090       0.533493090869247       0.648714263181255     
  0.540750860046486       0.590792046950069       0.164759227945734     
  7.211859994858688E-002  0.441933093869998       0.487654437288929     
  0.959378304213438       0.707439717210668       0.939162002133093     
  0.374607200956267       0.491051298111954       0.444045720169683     
  0.695640276212725       0.340546685308431       0.731591317195568     
  0.781294726375485       0.223312404085755       0.338026733214236     
  0.892879990705850       0.349506518331779       0.249787899540548     
  0.599521046630305       0.500881192563787       0.116262068206532     
  0.270920382520638       0.172272385859793       0.982097599935209     
  4.852420768220498E-002  0.692333988292478       0.235051780943608     
  0.770496458309821       0.643548130606019       0.515282328905232     
  0.561561030588674       0.941017307240848       0.694929509995885     
  0.104516974634707       0.815813840272814       0.835446919301751     
  0.185758203715136       7.286864245503691E-002  0.821889952889690     
  0.400198817648022       0.427411676301816       0.780300296218650     
  0.296700627335773       0.749422927053177       0.265699240446187     
  0.992271221728491       3.389361056640768E-002  0.469203150864799     
  0.636906357809917       0.580947287144783       0.518046243124621     
  0.812741932556509       0.463813673687192       0.354932334141739     
  0.736419100062533       0.368137812348790       2.015372226937842E-002
  0.719952692917383       0.861177668736869       0.671886046094784     
  0.796634011967602       0.985492268160857       0.147397419513932     
  0.320942590892644       6.510270609077194E-002  8.429184802316646E-002
  0.444194107586813       0.232905417403358       3.434566541483563E-003
  0.242780016342371       0.768936512907730       0.742001245071533     
  0.972700184711876       0.567696587301577       3.906384884601061E-002
  0.223728596809815       0.242060033155180       0.684038593446626     
  0.878940390590479       0.802977239709121       0.912502136714277     
  0.489075703629299       0.655709179263013       0.854446253759326     
  0.395350903239108       0.280037942898161       0.126462803593940     
  0.645389374613566       0.132189051710514       0.925857249853076     
  7.494998882118692E-003  0.391047281217951       0.624177601695666     
  0.658101390831675       0.728207164646425       0.190882736632850     
  0.141110193322858       0.874367940220600       0.217878727335200     
  0.414881249063230       0.191626470954297       0.611908263482178     
  0.460877144610060       0.321269744409520       0.807701593849027     
  0.134583265558483       0.787490852214059       0.402756799063156     
  0.285771839959014       1.392558579715394E-002  6.455634273155032E-002
  0.519038337869669       0.892148091326598       0.101900576411578     
  2.906871505634206E-002  0.919177834067212       0.763677418490968     
