  0.183669675875431       0.549234193219437       0.337832581080323     
  7.017101432580038E-002  0.773728300295866       0.746833080765010     
  0.703523494817552       0.899757363541140       0.327159851209764     
  0.797948833456564       0.391651899203621       0.914905001876743     
  0.295686764539085       0.413112779244540       5.836654614322959E-002
  0.134237323613366       0.713266479399360       0.421898176370654     
  0.251697970118376       0.128647843497881       0.449793120726968     
  0.778855209626347       0.353948529267424       0.619408632571790     
  0.121293906132918       0.491502831245319       0.784816208460990     
  0.193823237723088       0.304156169025303       0.477444182405431     
  0.738942131843631       0.693804237349732       0.172230834695415     
  0.695052759076394       0.678531428258046       0.853281585277221     
  0.207078946509744       2.414331228698572E-002  0.933960901608787     
  0.706211133644204       0.267721041516771       0.973730486522675     
  0.924451730328302       0.435759065891923       0.461501272771982     
  0.537017346331224       0.141906166207179       0.389391484152885     
  0.391611218601145       0.740149736852598       0.824102733817523     
  0.818679607683750       0.553770145854629       7.857584491683833E-002
  0.396380631978016       0.929127093209349       0.552796952213600     
  0.594281657642552       0.339055570028988       0.224447289785780     
  0.109677145666092       0.605179770623848       2.667085926129633E-002
  0.575930069402122       8.676202405076154E-002  0.792845898140339     
  0.585247874033295       0.298623941116947       0.146724336719839     
  0.430661739071397       0.820792641772687       0.656641539479282     
  0.203277146251141       0.249430280905675       0.272568318321253     
  0.943282763284823       0.987231189087804       0.109297458041750     
  0.976616818870858       0.457095003230217       0.533805881035253     
  0.445303336957398       0.779647863225896       0.711156851435645     
  0.561398535633332       3.270866874284516E-002  0.118559226893650     
  8.590268206712248E-002  0.502452709110236       0.848140689489828     
  0.489591792761098       0.365539160764285       0.102353977681450     
  0.899618085231264       0.393460687067210       0.299017181513708     
  0.720444202130442       0.974124681986579       0.179983990483702     
  0.996776640380128       0.542101577812549       0.687356632264699     
  0.646423445300873       0.806575444037603       0.920775623439580     
  0.804916603512054       0.658130799805305       0.583046007174945     
  0.447640942572285       0.722209476249604       0.718528305963768     
  0.242393242041960       9.431019126245914E-002  0.662381193958845     
  0.474647571819794       0.642813124036526       0.265726867779138     
  6.245386226669014E-002  0.340532832625671       0.946466769998177     
  0.599563124141148       0.165675083609750       0.356289073682697     
  0.410998870049155       0.885058804889610       0.570104249398636     
  0.765151773548727       0.254762352101109       0.501048221053722     
  0.280858038967893       7.656605328628699E-002  0.162094107983439     
  0.470346651271193       6.371872897196506E-003  0.574601450304347     
  0.223310777460198       0.449210645977193       0.942646696550369     
  0.166379630780025       0.847612655429847       0.830886069469239     
  0.967454524899179       0.486614102536962       0.362883855686731     
  0.526057126166059       0.925007056975125       0.605033960557930     
  0.933190908800456       0.423963728537239       6.470367461367624E-002
  0.827104213363007       0.754814100632536       0.867516376868687     
  0.319085425666724       0.732017906727245       0.820960319009943     
  0.770534900766572       0.632101229764958       0.594367321898731     
  0.272934329016235       0.957511523099109       0.969079156478884     
  0.376910637503647       0.869383014344946       3.659723056350436E-002
  0.754941668342677       0.122107812738144       0.768225510172432     
  0.349262696903332       0.382080123904091       0.860792325532539     
  0.459932569524366       0.209928176621299       0.756258085771786     
  0.104553142939318       0.271793049657846       0.983219000527947     
  2.824481531006789E-002  0.115071317188422       0.283170445579512     
  0.130253774748091       0.235770849990660       0.192107431945863     
  0.666263624400229       0.520318653377324       0.419251575350262     
  0.687378156717644       0.174178743433317       0.468369776563509     
  0.630751389833712       1.142660207135098E-002  0.881906135093744     
  0.886823226021235       0.761186729697611       0.642841098114503     
  0.623674027171697       0.649294601186408       0.141050304077080     
  0.142946110023888       0.971147859962497       0.677103486946272     
  0.638128314414299       0.903510967199571       1.580511261244567E-002
  0.745794650560000       0.996325724727116       0.886527683474698     
  0.338549108962984       0.942884064722435       0.629704732977832     
  0.405588633848062       0.106047223308697       0.313518591163202     
  0.656740516318125       0.183896441929511       9.267596656130904E-002
  0.793214905976887       0.443928085448978       0.801398570356919     
  0.839710474475961       0.322546432398089       0.203986280447032     
  0.505015946427835       0.743246458534085       0.906344051404044     
  0.535154474208294       0.618228584291872       0.558400523239645     
  4.660516907542007E-002  0.532101909686245       0.367951235855275     
  4.307665232556970E-002  0.474296101444249       8.499244985312152E-002
  1.608135666677555E-002  0.512434117306207       0.485961828382400     
  0.868647219127808       0.578423854249225       0.649735340668467     
  0.550240454786007       0.828646944352313       0.307227763876864     
  0.677037879108411       0.283479450007205       0.255598910267481     
  0.359562753056277       0.215901991319845       0.690170584813065     
  0.233690618995351       0.879053828349747       0.732733241261859     
  0.906090599099854       0.409478792075716       0.538657317155458     
  0.512913360777626       0.565415566243670       0.383172291529779     
  0.266997450234241       3.763614566327659E-002  0.807060891098586     
  6.503236898511282E-003  0.595343021537084       0.343825268461248     
  0.951688273333888       0.849805836283727       0.430215603643543     
  7.838135588386312E-002  0.615261850578437       0.410436152770995     
  0.176876917683978       0.286279821851790       0.995062486927143     
  0.725712663898378       0.469251577827602       0.613432073743750     
  0.293813570825833       0.193411410052741       0.211791988215405     
  0.865756305536885       0.370925904519732       7.588799164570607E-003
  0.569798594630576       0.919534410291301       0.518161851384836     
  0.158551391137930       0.864833773719828       0.898021939495449     
  0.916088004041620       5.587777310878001E-002  0.697594247451201     
  0.217869646553532       6.630406988293132E-002  0.493302627650479     
  0.369078199816945       0.229645382944056       0.222977209286860     
  0.347304326061343       0.149951146461138       5.117077768600783E-002
  0.956308120113658       5.034715006879024E-002  0.152260574524853     
  0.492003322521144       0.952408354074968       0.132761753907505     
  1.948447083190217E-002  0.796849800432679       0.237512216040687     
  0.323715558937597       0.699238731144491       0.510672143440848     
  0.990970494798869       0.587497205098081       0.956000526165689     
  0.419677521002360       0.833383232634932       0.286557553020388     
  0.609381200983614       0.314848040851038       0.726365042980564     
  0.834130647876527       0.793879728326952       3.513451999847093E-002
  0.849870292715847       0.683022569750411       0.398734764564282     
  0.305723962416497       0.203186941959559       0.249473751388866     
  0.882993478834370       0.159362091731714       0.762482457267690     
  9.639877635431127E-002  0.666532884495673       0.444445015499575     
