  0.616733613873290       0.543698309752506       0.322190837524680     
  0.291848383232534       0.337492049128396       0.711406296985277     
  0.695777026326669       0.128869734204187       0.255633441663810     
  0.124481512942215       0.463622795376963       0.831254048658400     
  0.510788041520661       0.708321912706540       3.679582946124714E-002
  0.164613847324139       0.166386866203756       0.127505787822599     
  1.493198977002846E-002  6.406030106007425E-002  0.589775958813386     
  0.311952078114542       0.361479929140852       0.464539811859323     
  0.878576881706406       0.893169080483855       0.670617932532113     
  0.491650864918218       0.942735730455206       0.375592085520127     
  0.776086717435685       0.759421798567452       0.226181359483494     
  0.939459964695846       0.202168531530501       8.010886231283468E-002
  0.803626678093903       4.650943504704042E-002  0.989648918521197     
  0.353578727437730       0.684074876867334       0.529373620928286     
  0.747672049092254       0.846455539502757       0.882446967753940     
  0.974129135800243       0.278252464055573       0.786187069249379     
  0.588385416094230       0.989163407070899       0.196072906414443     
  9.368832976964121E-002  0.419382675349333       0.947338148412282     
  0.219758477116711       0.564624613436389       0.612260407214458     
  0.430724918086660       0.645878038364778       0.410664064278572     
