  0.500102371990257       0.572983930502263       0.692753364106520     
  0.570566040344180       0.865919971926657       0.505790554024342     
  0.253440082877898       0.191968185449971       4.684149224514406E-002
  0.592472931877939       0.959292872719578       0.589960183512077     
  0.367566088023863       0.835311806194551       0.935804300748082     
  0.733241432652486       0.535526720962642       0.137882682593270     
  0.438758597645070       0.597599228469207       0.269246356523160     
  0.415750632895606       0.775232902006342       0.798514101826981     
  0.620887090425715       0.614384020801053       0.526509426930611     
  0.249328803513931       0.352237616061226       1.893842412009448E-002
  0.469200680214923       7.613143002032379E-003  0.923094203227887     
  5.583238924395818E-002  0.904094441911965       0.719273671585642     
  0.999966028377943       0.690285218024418       0.232598356987227     
  0.629038970232281       0.248659349952814       0.480585891068891     
  3.297269752112635E-002  0.142694677932043       0.182071199806533     
  0.847127244642293       0.119452019544433       7.065515466654385E-002
  0.117600722641500       0.430092500548118       0.801184498926648     
  0.190345451311956       0.264656716742551       0.957873461224130     
  0.486000213660185       0.710438305050719       0.879262800935553     
  0.655590996486115       0.286592996695674       0.294895327623300     
  0.392877947092453       4.349547448400359E-002  0.405771382458097     
  0.724656798712379       7.843966905635305E-002  0.324624978353658     
  0.331815980831647       0.210517833176686       0.447011211768033     
  0.206189843537513       7.322220989530434E-002  0.617436204857873     
  0.782700340476272       0.420681730980676       0.375295061734627     
  0.544622391540277       0.172852610573295       0.834102574134278     
  9.353463484041098E-002  0.333825925636490       0.211963482892889     
  0.886607779229661       0.512332180310476       0.170256991401762     
  0.766945523216866       0.316954489105862       0.634254507386687     
  0.903408720904506       0.629098417262376       0.990505656257154     
  0.165372245054985       0.982098932392567       0.453564727750216     
  1.132265277441553E-002  0.461756728163652       8.737930104181918E-002
  0.974825189645407       0.495330256930564       0.108912620836823     
  0.136962392384003       0.940628250031200       0.869418412396785     
  0.676928808552544       0.663998288236284       0.765257169999428     
  0.817485344312388       0.394230399649614       0.652256193920970     
  0.276181873819347       0.730326928119046       0.344851231746190     
  0.938753282819965       0.804680901534925       0.739651975821700     
  0.301424367353908       0.896912101641962       0.555757648302291     
  0.864342118398154       0.751692315901863       0.368795021712624     
