  0.723802950499162       8.813683236195421E-002  0.630929992314160     
  5.618906053969987E-002  0.265741541196572       0.290380851521997     
  1.954049622515473E-002  0.468082904753291       0.880971566018397     
  0.467120073509952       0.319380204597108       0.189110098678934     
  0.387075496945937       0.673098680782356       0.473428531536261     
  0.677877203246912       0.969527929540404       0.313329550722529     
  0.182154995588823       0.605911802898739       0.229759005376317     
  0.779010889877436       0.709671324355795       0.659603386166745     
  0.336026195800836       0.845948456433015       0.754111313006675     
  0.442272856616173       0.105707310445169       9.883770683934064E-002
  0.929901185527682       0.372766657020052       1.533889212347575E-002
  0.999225190278909       0.439204556208458       0.550759932864771     
  0.827773061289743       0.560976230334366       0.922191658881342     
  0.581841121347729       0.227503239421354       0.725210838402786     
  0.253726519529384       0.196944979085412       0.418561057986904     
  0.131613733655787       0.904263530161129       0.355701602369107     
  0.882021580859270       7.151421884233495E-003  0.526831022637798     
  0.236709530154498       0.543947614654417       0.998997497276144     
  0.627073339221070       0.777559535775536       0.800936763617597     
  0.521612312537228       0.893117803888503       0.144186121779111     
