  0.226491325695140       0.952580256498545       0.211139540473725     
  0.540180495037760       0.336542474517505       0.218342018914088     
  0.769369218545899       7.907379743781363E-002  0.597979917070142     
  0.255218306020142       0.629418581262787       0.787402629054715     
  0.185714340488352       0.304557952671774       0.253301557015608     
  0.991224856942536       4.879258434514051E-002  0.397123027488702     
  0.414107946960034       0.613389683628765       0.150359803680767     
  0.502317526655874       0.644839516930391       0.784003840657649     
  0.508237241316174       0.585883286044736       0.133790998714633     
  3.562666194646553E-002  0.839601124195930       0.824926392347924     
  0.461808652266140       0.133114300463391       0.118018645381293     
  0.156809805454682       0.967944372163504       2.400289213034110E-003
  0.574396299155146       0.698803662736125       0.807171331749598     
  0.840778661063354       0.985715591663081       0.633623165062305     
  1.718718509367219E-002  0.685487596037630       0.722162741738564     
  0.418598049714044       0.674914692742608       0.186945365739134     
  0.696002837084298       0.371714376573303       0.886349547368352     
  0.903527080423339       9.112833896799992E-002  0.198688314133388     
  0.284469243126171       0.878305170948795       0.860283527280658     
  0.103579583747563       0.951909675472073       0.647778338411016     
  0.293534727459898       0.496247964032470       0.390545377822207     
  0.272864844854124       0.539022209206668       6.325699680110466E-002
  0.370079673776600       0.922250011943051       0.429077174791920     
  0.351188837602301       0.476267204442581       0.740317407242452     
  0.813381257002903       0.467044478244038       0.760691213120412     
  0.735593479601151       0.556266553858761       0.929135484964864     
  2.911356901081987E-002  0.432476757350881       0.311754369554809     
  0.327336990204233       0.917593871559037       0.552794378352759     
