   -0.13139E+01    0.10000E+01    0.10000E-04    0.10000E-04
   -0.13057E+01    0.00000E+00    0.00000E+00    0.10000E-04
   -0.12975E+01    0.40000E+01    0.40000E-04    0.50000E-04
   -0.12893E+01    0.80000E+01    0.80000E-04    0.13000E-03
   -0.12810E+01    0.23000E+02    0.23000E-03    0.36000E-03
   -0.12728E+01    0.74000E+02    0.74000E-03    0.11000E-02
   -0.12646E+01    0.16800E+03    0.16800E-02    0.27800E-02
   -0.12564E+01    0.36600E+03    0.36600E-02    0.64400E-02
   -0.12482E+01    0.72000E+03    0.72000E-02    0.13640E-01
   -0.12400E+01    0.13500E+04    0.13500E-01    0.27140E-01
   -0.12318E+01    0.24110E+04    0.24110E-01    0.51250E-01
   -0.12236E+01    0.39380E+04    0.39380E-01    0.90630E-01
   -0.12154E+01    0.58190E+04    0.58190E-01    0.14882E+00
   -0.12072E+01    0.78560E+04    0.78560E-01    0.22738E+00
   -0.11989E+01    0.98420E+04    0.98420E-01    0.32580E+00
   -0.11907E+01    0.11439E+05    0.11439E+00    0.44019E+00
   -0.11825E+01    0.12001E+05    0.12001E+00    0.56020E+00
   -0.11743E+01    0.11521E+05    0.11521E+00    0.67541E+00
   -0.11661E+01    0.99900E+04    0.99900E-01    0.77531E+00
   -0.11579E+01    0.81160E+04    0.81160E-01    0.85647E+00
   -0.11497E+01    0.58160E+04    0.58160E-01    0.91463E+00
   -0.11415E+01    0.38440E+04    0.38440E-01    0.95307E+00
   -0.11333E+01    0.23200E+04    0.23200E-01    0.97627E+00
   -0.11250E+01    0.12520E+04    0.12520E-01    0.98879E+00
   -0.11168E+01    0.62700E+03    0.62700E-02    0.99506E+00
   -0.11086E+01    0.30100E+03    0.30100E-02    0.99807E+00
   -0.11004E+01    0.12000E+03    0.12000E-02    0.99927E+00
   -0.10922E+01    0.56000E+02    0.56000E-03    0.99983E+00
   -0.10840E+01    0.10000E+02    0.10000E-03    0.99993E+00
   -0.10758E+01    0.70000E+01    0.70000E-04    0.10000E+01
