   -0.18781E+01    0.15000E+02    0.15000E-03    0.15000E-03
   -0.18761E+01    0.36000E+02    0.36000E-03    0.51000E-03
   -0.18741E+01    0.13000E+03    0.13000E-02    0.18100E-02
   -0.18721E+01    0.36300E+03    0.36300E-02    0.54400E-02
   -0.18701E+01    0.88300E+03    0.88300E-02    0.14270E-01
   -0.18682E+01    0.18350E+04    0.18350E-01    0.32620E-01
   -0.18662E+01    0.33940E+04    0.33940E-01    0.66560E-01
   -0.18642E+01    0.54910E+04    0.54910E-01    0.12147E+00
   -0.18622E+01    0.77190E+04    0.77190E-01    0.19866E+00
   -0.18602E+01    0.99610E+04    0.99610E-01    0.29827E+00
   -0.18582E+01    0.11551E+05    0.11551E+00    0.41378E+00
   -0.18563E+01    0.11963E+05    0.11963E+00    0.53341E+00
   -0.18543E+01    0.11430E+05    0.11430E+00    0.64771E+00
   -0.18523E+01    0.10168E+05    0.10168E+00    0.74939E+00
   -0.18503E+01    0.81760E+04    0.81760E-01    0.83115E+00
   -0.18483E+01    0.60220E+04    0.60220E-01    0.89137E+00
   -0.18464E+01    0.43050E+04    0.43050E-01    0.93442E+00
   -0.18444E+01    0.27950E+04    0.27950E-01    0.96237E+00
   -0.18424E+01    0.16570E+04    0.16570E-01    0.97894E+00
   -0.18404E+01    0.10040E+04    0.10040E-01    0.98898E+00
   -0.18384E+01    0.58100E+03    0.58100E-02    0.99479E+00
   -0.18364E+01    0.28800E+03    0.28800E-02    0.99767E+00
   -0.18345E+01    0.12600E+03    0.12600E-02    0.99893E+00
   -0.18325E+01    0.66000E+02    0.66000E-03    0.99959E+00
   -0.18305E+01    0.24000E+02    0.24000E-03    0.99983E+00
   -0.18285E+01    0.70000E+01    0.70000E-04    0.99990E+00
   -0.18265E+01    0.60000E+01    0.60000E-04    0.99996E+00
   -0.18245E+01    0.10000E+01    0.10000E-04    0.99997E+00
   -0.18226E+01    0.20000E+01    0.20000E-04    0.99999E+00
   -0.18206E+01    0.10000E+01    0.10000E-04    0.10000E+01
