   -0.16932E+01    0.10000E+01    0.10000E-04    0.10000E-04
   -0.16869E+01    0.00000E+00    0.00000E+00    0.10000E-04
   -0.16806E+01    0.30000E+01    0.30000E-04    0.40000E-04
   -0.16743E+01    0.90000E+01    0.90000E-04    0.13000E-03
   -0.16681E+01    0.28000E+02    0.28000E-03    0.41000E-03
   -0.16618E+01    0.56000E+02    0.56000E-03    0.97000E-03
   -0.16555E+01    0.13300E+03    0.13300E-02    0.23000E-02
   -0.16493E+01    0.28300E+03    0.28300E-02    0.51300E-02
   -0.16430E+01    0.56500E+03    0.56500E-02    0.10780E-01
   -0.16367E+01    0.11000E+04    0.11000E-01    0.21780E-01
   -0.16305E+01    0.19260E+04    0.19260E-01    0.41040E-01
   -0.16242E+01    0.31640E+04    0.31640E-01    0.72680E-01
   -0.16179E+01    0.49760E+04    0.49760E-01    0.12244E+00
   -0.16117E+01    0.69320E+04    0.69320E-01    0.19176E+00
   -0.16054E+01    0.92010E+04    0.92010E-01    0.28377E+00
   -0.15991E+01    0.10972E+05    0.10972E+00    0.39349E+00
   -0.15929E+01    0.12190E+05    0.12190E+00    0.51539E+00
   -0.15866E+01    0.12235E+05    0.12235E+00    0.63774E+00
   -0.15803E+01    0.11075E+05    0.11075E+00    0.74849E+00
   -0.15741E+01    0.91500E+04    0.91500E-01    0.83999E+00
   -0.15678E+01    0.67700E+04    0.67700E-01    0.90769E+00
   -0.15615E+01    0.44010E+04    0.44010E-01    0.95170E+00
   -0.15553E+01    0.25820E+04    0.25820E-01    0.97752E+00
   -0.15490E+01    0.13230E+04    0.13230E-01    0.99075E+00
   -0.15427E+01    0.60200E+03    0.60200E-02    0.99677E+00
   -0.15365E+01    0.21900E+03    0.21900E-02    0.99896E+00
   -0.15302E+01    0.77000E+02    0.77000E-03    0.99973E+00
   -0.15239E+01    0.22000E+02    0.22000E-03    0.99995E+00
   -0.15177E+01    0.40000E+01    0.40000E-04    0.99999E+00
   -0.15114E+01    0.10000E+01    0.10000E-04    0.10000E+01
