 >> Number of Processors =  10
 
    >>Normalized Constraint Values:
  0.11901E+01  0.39670E-01  0.11901E+01     29.99972
 -0.43525E+00  0.16792E-01 -0.43525E+00    -25.91954
 -0.20602E+01  0.21457E-01 -0.20602E+01    -96.01469
 -0.31901E+01  0.39650E-01 -0.31901E+01    -80.45605
 -0.15647E+01  0.16804E-01 -0.15647E+01    -93.11603
  0.60189E-01  0.21477E-01  0.60189E-01      2.80248
  0.13032E+00  0.41129E-01  0.13032E+00      3.16852
  0.22526E+01  0.51089E-01  0.22526E+01     44.09196
 
 
    >>Objective:       7.6597       0.0049       7.6646
    >>Coeff of variance :       0.0091
 
 iter    objective      ||grad||        inf_pr          inf_du         lg(mu)
    0  0.7664588E+01  0.0000000E+00  0.2262635E+01  0.1343943E+01  0.1000000E+01
 
    >>Normalized Constraint Values:
  0.61827E+00  0.21198E-01  0.61827E+00     29.16639
 -0.40516E+00  0.18504E-01 -0.40516E+00    -21.89593
 -0.18025E+01  0.19227E-01 -0.18025E+01    -93.75024
 -0.26183E+01  0.21226E-01 -0.26183E+01   -123.35136
 -0.15948E+01  0.18499E-01 -0.15948E+01    -86.21083
 -0.19748E+00  0.19265E-01 -0.19748E+00    -10.25090
 -0.10867E+00  0.39341E-01 -0.10867E+00     -2.76237
  0.13678E+01  0.30469E-01  0.13678E+01     44.89077
 
 
    >>Objective:       9.4798       0.0208       9.5006
    >>Coeff of variance :       0.0152
    1  0.9500587E+01  0.1615779E+01  0.1568926E+01  0.1043855E+02  0.4065745E+00
 
    >>Normalized Constraint Values:
  0.30443E+00  0.77682E-02  0.30443E+00     39.18932
 -0.31660E+00  0.91401E-02 -0.31660E+00    -34.63839
 -0.15228E+01  0.31206E-01 -0.15228E+01    -48.79849
 -0.23044E+01  0.77150E-02 -0.23044E+01   -298.69226
 -0.16834E+01  0.91481E-02 -0.16834E+01   -184.01747
 -0.47719E+00  0.31188E-01 -0.47719E+00    -15.30021
 -0.16258E+00  0.42040E-01 -0.16258E+00     -3.86727
  0.70946E+00  0.36881E-01  0.70946E+00     19.23623
 
 
    >>Objective:       9.6358       0.0134       9.6492
    >>Coeff of variance :       0.0120
    2  0.9649224E+01  0.1056924E+01  0.8207217E+00  0.4333595E+01  0.4168042E+00
 
    >>Normalized Constraint Values:
 -0.54098E-01  0.14558E-01 -0.54098E-01     -3.71603
 -0.28212E+00  0.18866E-01 -0.28212E+00    -14.95379
 -0.12678E+01  0.17717E-01 -0.12678E+01    -71.55517
 -0.19459E+01  0.14591E-01 -0.19459E+01   -133.36713
 -0.17179E+01  0.18875E-01 -0.17179E+01    -91.01593
 -0.73224E+00  0.17717E-01 -0.73224E+00    -41.33016
  0.63361E-01  0.40933E-01  0.63361E-01      1.54791
  0.48859E+00  0.28928E-01  0.48859E+00     16.88999
 
 
    >>Objective:      12.9319       0.0505      12.9825
    >>Coeff of variance :       0.0174
    3  0.1298246E+02  0.9225484E+00  0.4896990E+00  0.2542558E+02  0.4367636E+00
 
    >>Normalized Constraint Values:
 -0.70582E-01  0.87194E-02 -0.70582E-01     -8.09480
 -0.40269E+00  0.14373E-01 -0.40269E+00    -28.01814
 -0.12422E+01  0.25433E-01 -0.12422E+01    -48.84217
 -0.19294E+01  0.87411E-02 -0.19294E+01   -220.72919
 -0.15973E+01  0.14379E-01 -0.15973E+01   -111.08583
 -0.75778E+00  0.25461E-01 -0.75778E+00    -29.76175
 -0.10758E+00  0.46671E-01 -0.10758E+00     -2.30510
  0.21455E+00  0.22118E-01  0.21455E+00      9.70022
 
 
    >>Objective:      12.7629       0.0313      12.7942
    >>Coeff of variance :       0.0139
    4  0.1279417E+02  0.5758578E+00  0.2496481E+00  0.3045842E+01  0.3435958E+00
 
    >>Normalized Constraint Values:
 -0.12766E+00  0.70108E-02 -0.12766E+00    -18.20955
 -0.45186E+00  0.14569E-01 -0.45186E+00    -31.01472
 -0.12492E+01  0.25570E-01 -0.12492E+01    -48.85311
 -0.18723E+01  0.70217E-02 -0.18723E+01   -266.65133
 -0.15481E+01  0.14566E-01 -0.15481E+01   -106.28689
 -0.75084E+00  0.25611E-01 -0.75084E+00    -29.31724
 -0.17713E+00  0.49598E-01 -0.17713E+00     -3.57134
  0.10578E+00  0.23345E-01  0.10578E+00      4.53117
 
 
    >>Objective:      13.7223       0.0375      13.7598
    >>Coeff of variance :       0.0141
    5  0.1375982E+02  0.6988033E+00  0.1061300E+00  0.1846284E+01  0.1082160E+00
 
    >>Normalized Constraint Values:
 -0.12144E+00  0.56686E-02 -0.12144E+00    -21.42396
 -0.41520E+00  0.18591E-01 -0.41520E+00    -22.33312
 -0.11842E+01  0.26439E-01 -0.11842E+01    -44.79166
 -0.18786E+01  0.56734E-02 -0.18786E+01   -331.11464
 -0.15848E+01  0.18591E-01 -0.15848E+01    -85.24546
 -0.81577E+00  0.26394E-01 -0.81577E+00    -30.90689
 -0.30851E-01  0.61253E-01 -0.30851E-01     -0.50367
  0.22097E-01  0.23295E-01  0.22097E-01      0.94855
 
 
    >>Objective:      14.2966       0.0476      14.3442
    >>Coeff of variance :       0.0153
    6  0.1434422E+02  0.4523471E+00  0.2316723E-01  0.2393496E+01  0.2058642E-01
 
    >>Normalized Constraint Values:
 -0.10678E+00  0.52579E-02 -0.10678E+00    -20.30873
 -0.40150E+00  0.19697E-01 -0.40150E+00    -20.38361
 -0.11748E+01  0.26832E-01 -0.11748E+01    -43.78288
 -0.18932E+01  0.52547E-02 -0.18932E+01   -360.29246
 -0.15985E+01  0.19695E-01 -0.15985E+01    -81.16307
 -0.82521E+00  0.26836E-01 -0.82521E+00    -30.75044
  0.10463E-01  0.64684E-01  0.10463E-01      0.16176
  0.14296E-01  0.23830E-01  0.14296E-01      0.59993
 
 
    >>Objective:      14.3045       0.0495      14.3540
    >>Coeff of variance :       0.0155
    7  0.1435400E+02  0.2817101E+00  0.1499549E-01  0.2035241E+01  0.1309344E-02
 
    >>Normalized Constraint Values:
 -0.12322E+00  0.56998E-02 -0.12322E+00    -21.61792
 -0.40868E+00  0.20046E-01 -0.40868E+00    -20.38741
 -0.11844E+01  0.27251E-01 -0.11844E+01    -43.46265
 -0.18768E+01  0.56836E-02 -0.18768E+01   -330.21285
 -0.15913E+01  0.20052E-01 -0.15913E+01    -79.35944
 -0.81560E+00  0.27252E-01 -0.81560E+00    -29.92845
 -0.15419E-02  0.67704E-01 -0.15419E-02     -0.02277
  0.36828E-02  0.26427E-01  0.36828E-02      0.13935
 
 
    >>Objective:      14.4586       0.0535      14.5120
    >>Coeff of variance :       0.0160
    8  0.1451201E+02  0.1232031E+00  0.3689735E-02  0.3334874E+01  0.1332872E-02
 
    >>Normalized Constraint Values:
 -0.13158E+00  0.60108E-02 -0.13158E+00    -21.88989
 -0.40891E+00  0.20077E-01 -0.40891E+00    -20.36733
 -0.11828E+01  0.27178E-01 -0.11828E+01    -43.51986
 -0.18684E+01  0.60114E-02 -0.18684E+01   -310.81102
 -0.15911E+01  0.20068E-01 -0.15911E+01    -79.28344
 -0.81722E+00  0.27118E-01 -0.81722E+00    -30.13569
 -0.23562E-03  0.67726E-01 -0.23562E-03     -0.00348
  0.36366E-03  0.26261E-01  0.36366E-03      0.01385
 
 
    >>Objective:      14.5116       0.0542      14.5658
    >>Coeff of variance :       0.0160
    9  0.1456585E+02  0.4389742E-01  0.3686420E-03  0.1070693E+01  0.1039537E-03
 
    >>Normalized Constraint Values:
 -0.13935E+00  0.63660E-02 -0.13935E+00    -21.88953
 -0.40894E+00  0.20183E-01 -0.40894E+00    -20.26189
 -0.11829E+01  0.27278E-01 -0.11829E+01    -43.36501
 -0.18606E+01  0.63535E-02 -0.18606E+01   -292.85279
 -0.15911E+01  0.20185E-01 -0.15911E+01    -78.82559
 -0.81711E+00  0.27299E-01 -0.81711E+00    -29.93146
 -0.17934E-03  0.68112E-01 -0.17934E-03     -0.00263
  0.20451E-03  0.26550E-01  0.20451E-03      0.00770
 
 
    >>Objective:      14.5032       0.0541      14.5574
    >>Coeff of variance :       0.0160
   10  0.1455737E+02  0.6738546E-01  0.2049870E-03  0.4451067E+00  0.5561434E-05
 
    >>Normalized Constraint Values:
 -0.14488E+00  0.66117E-02 -0.14488E+00    -21.91312
 -0.40893E+00  0.20251E-01 -0.40893E+00    -20.19290
 -0.11828E+01  0.27363E-01 -0.11828E+01    -43.22675
 -0.18551E+01  0.66192E-02 -0.18551E+01   -280.26364
 -0.15911E+01  0.20245E-01 -0.15911E+01    -78.59160
 -0.81718E+00  0.27452E-01 -0.81718E+00    -29.76782
 -0.11002E-03  0.68174E-01 -0.11002E-03     -0.00161
  0.96968E-04  0.26683E-01  0.96968E-04      0.00363
 
 
    >>Objective:      14.5025       0.0549      14.5574
    >>Coeff of variance :       0.0162
   11  0.1455736E+02  0.4029617E-01  0.1096896E-03  0.4253081E-01  0.2098268E-05
 
    >>Normalized Constraint Values:
 -0.14440E+00  0.65882E-02 -0.14440E+00    -21.91845
 -0.40892E+00  0.20239E-01 -0.40892E+00    -20.20405
 -0.11828E+01  0.27322E-01 -0.11828E+01    -43.28990
 -0.18556E+01  0.65844E-02 -0.18556E+01   -281.81713
 -0.15911E+01  0.20248E-01 -0.15911E+01    -78.58063
 -0.81725E+00  0.27405E-01 -0.81725E+00    -29.82117
  0.90180E-05  0.68153E-01  0.90180E-05      0.00013
  0.23033E-04  0.26656E-01  0.23033E-04      0.00086
 
 
    >>Objective:      14.5047       0.0549      14.5596
    >>Coeff of variance :       0.0162
   12  0.1455961E+02  0.4531081E-02  0.2302501E-04  0.6981727E-02  0.3957838E-07
 
    >>Normalized Constraint Values:
 -0.14441E+00  0.65855E-02 -0.14441E+00    -21.92839
 -0.40892E+00  0.20241E-01 -0.40892E+00    -20.20259
 -0.11827E+01  0.27335E-01 -0.11827E+01    -43.26887
 -0.18556E+01  0.65907E-02 -0.18556E+01   -281.54569
 -0.15911E+01  0.20245E-01 -0.15911E+01    -78.59238
 -0.81726E+00  0.27402E-01 -0.81726E+00    -29.82493
  0.37601E-04  0.68316E-01  0.37601E-04      0.00055
  0.15816E-04  0.26606E-01  0.15816E-04      0.00059
 
 
    >>Objective:      14.5050       0.0548      14.5598
    >>Coeff of variance :       0.0161
 
    >>Normalized Constraint Values:
 -0.14442E+00  0.65872E-02 -0.14442E+00    -21.92472
 -0.40894E+00  0.20242E-01 -0.40894E+00    -20.20283
 -0.11827E+01  0.27413E-01 -0.11827E+01    -43.14515
 -0.18556E+01  0.65856E-02 -0.18556E+01   -281.76430
 -0.15911E+01  0.20238E-01 -0.15911E+01    -78.61807
 -0.81725E+00  0.27374E-01 -0.81725E+00    -29.85544
 -0.34090E-04  0.68187E-01 -0.34090E-04     -0.00050
 -0.71882E-05  0.26600E-01 -0.71882E-05     -0.00027
 
 
    >>Objective:      14.5055       0.0549      14.5603
    >>Coeff of variance :       0.0162
 
    >>Normalized Constraint Values:
 -0.14441E+00  0.65923E-02 -0.14441E+00    -21.90636
 -0.40892E+00  0.20243E-01 -0.40892E+00    -20.20069
 -0.11827E+01  0.27357E-01 -0.11827E+01    -43.23391
 -0.18556E+01  0.65940E-02 -0.18556E+01   -281.40627
 -0.15911E+01  0.20240E-01 -0.15911E+01    -78.61231
 -0.81726E+00  0.27358E-01 -0.81726E+00    -29.87285
  0.35209E-05  0.68335E-01  0.35209E-05      0.00005
 -0.15802E-04  0.26626E-01 -0.15802E-04     -0.00059
 
 
    >>Objective:      14.5052       0.0549      14.5601
    >>Coeff of variance :       0.0162
   13  0.1456009E+02  0.2805219E-03  0.1581196E-04  0.2088432E-02  0.3374145E-09
 
 The solution was found.
 
 The final value of the objective function is    14.5600946808382     
 
 The optimal values of X are:
 
 X  (           1 ) =    5.00000000000000      in^2
 X  (           2 ) =    1.42291142721134      in^2
 X  (           3 ) =    2.33312916463100      in^2
 X  (           4 ) =    37.6529567731910      deg
 X  (           5 ) =    60.0000000000000      deg
 X  (           6 ) =    150.000000000000      deg
 
 The multipliers for the equality constraints are:
 
 LAM(           1 ) =   2.304340748433952E-009
 LAM(           2 ) =   8.209451326866559E-010
 LAM(           3 ) =   2.856319363094836E-010
 LAM(           4 ) =   1.820019890511977E-010
 LAM(           5 ) =   2.122319651578523E-010
 LAM(           6 ) =   4.123133497388926E-010
 LAM(           7 ) =    4.11610900496403     
 LAM(           8 ) =    23.9598581577935     
 
Weight, variance, SD, CV:      14.5052       0.0549       0.2343       0.0162
