      dimpc  npts   RealAVG          RealVAR      RealSTD              PcAVG      PcVAR                PcSTD          ErrAVG        ErrVAR           ErrSTD
       2       4  0.97762366E+00  0.97801947E-03  0.31273303E-01  0.96849753E+00  0.80123482E-03  0.28306092E-01  0.91261310E-02  0.17678465E-03  0.29672113E-02
       3       7  0.97778468E+00  0.96234132E-03  0.31021627E-01  0.30994449E+00  0.59954134E-03  0.24485533E-01  0.66784019E+00  0.36279998E-03  0.65360933E-02
       4      10  0.97775582E+00  0.96035660E-03  0.30989621E-01  0.83522288E+00  0.50953270E-03  0.22572831E-01  0.14253294E+00  0.45082389E-03  0.84167897E-02
       5      14  0.97781544E+00  0.96845844E-03  0.31120065E-01  0.86652423E+00  0.56847884E-03  0.23842794E-01  0.11129120E+00  0.39997960E-03  0.72772705E-02
       6      19  0.97782484E+00  0.96242524E-03  0.31022979E-01  0.96949103E+00  0.91213095E-03  0.30201506E-01  0.83338100E-02  0.50294293E-04  0.82147351E-03
       7      24  0.97785144E+00  0.96270134E-03  0.31027429E-01  0.96960469E+00  0.91028554E-03  0.30170939E-01  0.82467532E-02  0.52415809E-04  0.85649031E-03
       8      30  0.97774205E+00  0.97295997E-03  0.31192306E-01  0.97771581E+00  0.97127938E-03  0.31165355E-01  0.26238757E-04  0.16805928E-05  0.26950863E-04
       9      37  0.97772314E+00  0.97404243E-03  0.31209653E-01  0.97767212E+00  0.97236295E-03  0.31182735E-01  0.51019696E-04  0.16794815E-05  0.26918052E-04
      10      44  0.97775907E+00  0.96799294E-03  0.31112585E-01  0.97775400E+00  0.96791725E-03  0.31111368E-01  0.50654572E-05  0.75696330E-07  0.12165143E-05
