      dimpc  npts   RealAVG          RealVAR      RealSTD              PcAVG      PcVAR                PcSTD          ErrAVG        ErrVAR           ErrSTD
       2       2  0.97770376E+00  0.98343242E-03  0.31359726E-01  0.96340672E+00  0.64139837E-03  0.25325844E-01  0.14297038E-01  0.34203404E-03  0.60338820E-02
       3       5  0.97762762E+00  0.97504271E-03  0.31225674E-01 -0.16674450E-01  0.25957956E-03  0.16111473E-01  0.99430207E+00  0.71546315E-03  0.15114201E-01
       4       7  0.97776272E+00  0.97699725E-03  0.31256955E-01  0.85391239E+00  0.33662702E-03  0.18347398E-01  0.12385033E+00  0.64037023E-03  0.12909557E-01
       5       8  0.97766122E+00  0.97270346E-03  0.31188194E-01  0.76251526E+00  0.33931081E-03  0.18420391E-01  0.21514596E+00  0.63339265E-03  0.12767803E-01
       6      10  0.97771990E+00  0.96968401E-03  0.31139750E-01  0.97921869E+00  0.88180596E-03  0.29695218E-01  0.14987984E-02  0.87878048E-04  0.14445318E-02
       7      13  0.97781905E+00  0.96354164E-03  0.31040967E-01  0.96333803E+00  0.85459519E-03  0.29233460E-01  0.14481022E-01  0.10894644E-03  0.18075069E-02
       8      15  0.97791087E+00  0.94977901E-03  0.30818485E-01  0.97710156E+00  0.94271993E-03  0.30703745E-01  0.80931184E-03  0.70590765E-05  0.11474026E-03
       9      18  0.97781604E+00  0.95695508E-03  0.30934691E-01  0.97721989E+00  0.95331332E-03  0.30875772E-01  0.59615020E-03  0.36417543E-05  0.58918088E-04
      10      21  0.97761674E+00  0.98194968E-03  0.31336076E-01  0.97759529E+00  0.98164492E-03  0.31331213E-01  0.21452643E-04  0.30476270E-06  0.48631863E-05
