   -0.14667E+00    0.10000E+01    0.50000E-04    0.50000E-04
   -0.14167E+00    0.20000E+01    0.10000E-03    0.15000E-03
   -0.13667E+00    0.40000E+01    0.20000E-03    0.35000E-03
   -0.13167E+00    0.10000E+02    0.50000E-03    0.85000E-03
   -0.12668E+00    0.19000E+02    0.95000E-03    0.18000E-02
   -0.12168E+00    0.38000E+02    0.19000E-02    0.37000E-02
   -0.11668E+00    0.10100E+03    0.50500E-02    0.87500E-02
   -0.11169E+00    0.18800E+03    0.94000E-02    0.18150E-01
   -0.10669E+00    0.28000E+03    0.14000E-01    0.32150E-01
   -0.10169E+00    0.48800E+03    0.24400E-01    0.56550E-01
   -0.96694E-01    0.79300E+03    0.39650E-01    0.96200E-01
   -0.91697E-01    0.11010E+04    0.55050E-01    0.15125E+00
   -0.86700E-01    0.14560E+04    0.72800E-01    0.22405E+00
   -0.81703E-01    0.18190E+04    0.90950E-01    0.31500E+00
   -0.76706E-01    0.21300E+04    0.10650E+00    0.42150E+00
   -0.71709E-01    0.22470E+04    0.11235E+00    0.53385E+00
   -0.66712E-01    0.22410E+04    0.11205E+00    0.64590E+00
   -0.61715E-01    0.19790E+04    0.98950E-01    0.74485E+00
   -0.56718E-01    0.16320E+04    0.81600E-01    0.82645E+00
   -0.51720E-01    0.12460E+04    0.62300E-01    0.88875E+00
   -0.46723E-01    0.93100E+03    0.46550E-01    0.93530E+00
   -0.41726E-01    0.59300E+03    0.29650E-01    0.96495E+00
   -0.36729E-01    0.33900E+03    0.16950E-01    0.98190E+00
   -0.31732E-01    0.17900E+03    0.89500E-02    0.99085E+00
   -0.26735E-01    0.10200E+03    0.51000E-02    0.99595E+00
   -0.21738E-01    0.42000E+02    0.21000E-02    0.99805E+00
   -0.16741E-01    0.27000E+02    0.13500E-02    0.99940E+00
   -0.11744E-01    0.70000E+01    0.35000E-03    0.99975E+00
   -0.67465E-02    0.40000E+01    0.20000E-03    0.99995E+00
   -0.17494E-02    0.10000E+01    0.50000E-04    0.10000E+01
