   -0.53358E+00    0.30000E+01    0.15000E-03    0.15000E-03
   -0.53003E+00    0.70000E+01    0.35000E-03    0.50000E-03
   -0.52648E+00    0.22000E+02    0.11000E-02    0.16000E-02
   -0.52293E+00    0.49000E+02    0.24500E-02    0.40500E-02
   -0.51937E+00    0.10800E+03    0.54000E-02    0.94500E-02
   -0.51582E+00    0.22900E+03    0.11450E-01    0.20900E-01
   -0.51227E+00    0.39200E+03    0.19600E-01    0.40500E-01
   -0.50872E+00    0.67000E+03    0.33500E-01    0.74000E-01
   -0.50517E+00    0.98500E+03    0.49250E-01    0.12325E+00
   -0.50162E+00    0.13720E+04    0.68600E-01    0.19185E+00
   -0.49807E+00    0.16850E+04    0.84250E-01    0.27610E+00
   -0.49452E+00    0.20020E+04    0.10010E+00    0.37620E+00
   -0.49097E+00    0.21210E+04    0.10605E+00    0.48225E+00
   -0.48741E+00    0.21150E+04    0.10575E+00    0.58800E+00
   -0.48386E+00    0.19800E+04    0.99000E-01    0.68700E+00
   -0.48031E+00    0.17160E+04    0.85800E-01    0.77280E+00
   -0.47676E+00    0.14050E+04    0.70250E-01    0.84305E+00
   -0.47321E+00    0.10600E+04    0.53000E-01    0.89605E+00
   -0.46966E+00    0.77600E+03    0.38800E-01    0.93485E+00
   -0.46611E+00    0.51100E+03    0.25550E-01    0.96040E+00
   -0.46256E+00    0.35600E+03    0.17800E-01    0.97820E+00
   -0.45901E+00    0.18900E+03    0.94500E-02    0.98765E+00
   -0.45545E+00    0.11800E+03    0.59000E-02    0.99355E+00
   -0.45190E+00    0.66000E+02    0.33000E-02    0.99685E+00
   -0.44835E+00    0.31000E+02    0.15500E-02    0.99840E+00
   -0.44480E+00    0.17000E+02    0.85000E-03    0.99925E+00
   -0.44125E+00    0.10000E+02    0.50000E-03    0.99975E+00
   -0.43770E+00    0.30000E+01    0.15000E-03    0.99990E+00
   -0.43415E+00    0.10000E+01    0.50000E-04    0.99995E+00
   -0.43060E+00    0.10000E+01    0.50000E-04    0.10000E+01
