    0.15933E+02    0.60000E+01    0.60000E-04    0.60000E-04
    0.16007E+02    0.15000E+02    0.15000E-03    0.21000E-03
    0.16080E+02    0.45000E+02    0.45000E-03    0.66000E-03
    0.16154E+02    0.10500E+03    0.10500E-02    0.17100E-02
    0.16228E+02    0.26100E+03    0.26100E-02    0.43200E-02
    0.16301E+02    0.65500E+03    0.65500E-02    0.10870E-01
    0.16375E+02    0.12440E+04    0.12440E-01    0.23310E-01
    0.16449E+02    0.23930E+04    0.23930E-01    0.47240E-01
    0.16522E+02    0.39640E+04    0.39640E-01    0.86880E-01
    0.16596E+02    0.57700E+04    0.57700E-01    0.14458E+00
    0.16670E+02    0.78990E+04    0.78990E-01    0.22357E+00
    0.16743E+02    0.97180E+04    0.97180E-01    0.32075E+00
    0.16817E+02    0.11086E+05    0.11086E+00    0.43161E+00
    0.16891E+02    0.11494E+05    0.11494E+00    0.54655E+00
    0.16964E+02    0.10849E+05    0.10849E+00    0.65504E+00
    0.17038E+02    0.95690E+04    0.95690E-01    0.75073E+00
    0.17112E+02    0.79570E+04    0.79570E-01    0.83030E+00
    0.17185E+02    0.61380E+04    0.61380E-01    0.89168E+00
    0.17259E+02    0.42620E+04    0.42620E-01    0.93430E+00
    0.17333E+02    0.27220E+04    0.27220E-01    0.96152E+00
    0.17406E+02    0.17600E+04    0.17600E-01    0.97912E+00
    0.17480E+02    0.10080E+04    0.10080E-01    0.98920E+00
    0.17554E+02    0.55400E+03    0.55400E-02    0.99474E+00
    0.17627E+02    0.27500E+03    0.27500E-02    0.99749E+00
    0.17701E+02    0.13600E+03    0.13600E-02    0.99885E+00
    0.17775E+02    0.66000E+02    0.66000E-03    0.99951E+00
    0.17848E+02    0.32000E+02    0.32000E-03    0.99983E+00
    0.17922E+02    0.90000E+01    0.90000E-04    0.99992E+00
    0.17996E+02    0.70000E+01    0.70000E-04    0.99999E+00
    0.18069E+02    0.10000E+01    0.10000E-04    0.10000E+01
