 >> Number of Processors =   4
 
    >>Normalized Constraint Values:
  0.12011E+01  0.39868E-01  0.13605E+01     30.12645
 -0.43022E+00  0.16845E-01 -0.36284E+00    -25.53935
 -0.20516E+01  0.21439E-01 -0.19659E+01    -95.69661
 -0.31792E+01  0.39502E-01 -0.30212E+01    -80.48101
 -0.15597E+01  0.16804E-01 -0.14925E+01    -92.82026
  0.68825E-01  0.21511E-01  0.15487E+00      3.19952
 -0.88596E+00  0.41043E-02 -0.86954E+00   -215.85862
 -0.67309E+00  0.51205E-02 -0.65261E+00   -131.44981
 
 
    >>Objective:       7.6981       0.0049       7.7030
    >>Coeff of variance :       0.0091
 
 iter    objective      ||grad||        inf_pr          inf_du         lg(mu)
    0  0.7703021E+01  0.0000000E+00  0.1370542E+01  0.1157173E+01  0.1000000E+01
 
    >>Normalized Constraint Values:
  0.18451E+00  0.18406E-01  0.25814E+00     10.02462
 -0.14093E+00  0.18520E-01 -0.66851E-01     -7.60975
 -0.13255E+01  0.28047E-01 -0.12133E+01    -47.25909
 -0.21737E+01  0.18278E-01 -0.21006E+01   -118.92514
 -0.18498E+01  0.18328E-01 -0.17765E+01   -100.92928
 -0.66466E+00  0.28386E-01 -0.55111E+00    -23.41523
 -0.87549E+00  0.50325E-02 -0.85536E+00   -173.96538
 -0.81886E+00  0.34999E-02 -0.80486E+00   -233.96415
 
 
    >>Objective:       9.8523       0.0232       9.8755
    >>Coeff of variance :       0.0155
 
    >>Normalized Constraint Values:
  0.26328E+00  0.15072E-01  0.32357E+00     17.46761
 -0.26851E+00  0.11854E-01 -0.22110E+00    -22.65153
 -0.15158E+01  0.33084E-01 -0.13835E+01    -45.81739
 -0.22519E+01  0.14946E-01 -0.21921E+01   -150.66760
 -0.17236E+01  0.11760E-01 -0.16766E+01   -146.57444
 -0.47399E+00  0.33346E-01 -0.34061E+00    -14.21442
 -0.90956E+00  0.44239E-02 -0.89186E+00   -205.59951
 -0.81773E+00  0.36967E-02 -0.80295E+00   -221.20652
 
 
    >>Objective:       9.0942       0.0113       9.1055
    >>Coeff of variance :       0.0117
    1  0.9105505E+01  0.1631076E+01  0.5617527E+00  0.3585249E+01  0.3732870E+00
 
    >>Normalized Constraint Values:
  0.26773E+00  0.16883E-01  0.33526E+00     15.85843
 -0.29113E+00  0.12101E-01 -0.24272E+00    -24.05776
 -0.15855E+01  0.33187E-01 -0.14528E+01    -47.77545
 -0.22566E+01  0.16761E-01 -0.21895E+01   -134.62830
 -0.17011E+01  0.12020E-01 -0.16530E+01   -141.52139
 -0.40263E+00  0.33493E-01 -0.26865E+00    -12.02114
 -0.91959E+00  0.40294E-02 -0.90347E+00   -228.21913
 -0.80681E+00  0.38574E-02 -0.79138E+00   -209.15924
 
 
    >>Objective:       8.9474       0.0109       8.9583
    >>Coeff of variance :       0.0117
    2  0.8958317E+01  0.5784520E+00  0.3376427E+00  0.2258149E+01  0.1975691E+00
 
    >>Normalized Constraint Values:
  0.84704E-01  0.15845E-01  0.14809E+00      5.34563
 -0.43076E+00  0.11812E-01 -0.38351E+00    -36.46869
 -0.17030E+01  0.50288E-01 -0.15019E+01    -33.86574
 -0.20761E+01  0.15708E-01 -0.20132E+01   -132.16488
 -0.15632E+01  0.11835E-01 -0.15158E+01   -132.08430
 -0.27981E+00  0.51041E-01 -0.75643E-01     -5.48201
 -0.95533E+00  0.52824E-02 -0.93420E+00   -180.85003
 -0.81295E+00  0.52286E-02 -0.79203E+00   -155.48053
 
 
    >>Objective:       9.4507       0.0146       9.4654
    >>Coeff of variance :       0.0128
    3  0.9465356E+01  0.9338059E+00  0.1540042E+00  0.2177920E+01  0.6007019E-01
 
    >>Normalized Constraint Values:
 -0.49628E-01  0.18137E-01  0.22919E-01     -2.73632
 -0.48802E+00  0.15013E-01 -0.42797E+00    -32.50667
 -0.17174E+01  0.56021E-01 -0.14933E+01    -30.65566
 -0.19428E+01  0.17893E-01 -0.18712E+01   -108.57727
 -0.15061E+01  0.15052E-01 -0.14459E+01   -100.06209
 -0.26136E+00  0.57027E-01 -0.33256E-01     -4.58316
 -0.96523E+00  0.63523E-02 -0.93982E+00   -151.94843
 -0.82151E+00  0.57661E-02 -0.79844E+00   -142.47272
 
 
    >>Objective:      10.6125       0.0279      10.6404
    >>Coeff of variance :       0.0157
    4  0.1064039E+02  0.4723637E+00  0.6191317E-01  0.7238900E+00  0.1555177E-01
 
    >>Normalized Constraint Values:
 -0.71021E-01  0.16567E-01 -0.47530E-02     -4.28690
 -0.50886E+00  0.14348E-01 -0.45147E+00    -35.46528
 -0.16914E+01  0.57317E-01 -0.14621E+01    -29.50947
 -0.19220E+01  0.16344E-01 -0.18566E+01   -117.59550
 -0.14857E+01  0.14375E-01 -0.14282E+01   -103.34888
 -0.28863E+00  0.58251E-01 -0.55630E-01     -4.95501
 -0.96751E+00  0.62542E-02 -0.94250E+00   -154.69724
 -0.82760E+00  0.56935E-02 -0.80483E+00   -145.35915
 
 
    >>Objective:      10.8297       0.0277      10.8574
    >>Coeff of variance :       0.0154
    5  0.1085740E+02  0.2195734E+00  0.1379552E-01  0.8381878E+00  0.5374162E-02
 
    >>Normalized Constraint Values:
 -0.68562E-01  0.14951E-01 -0.87587E-02     -4.58584
 -0.53669E+00  0.14114E-01 -0.48023E+00    -38.02534
 -0.17335E+01  0.64720E-01 -0.14746E+01    -26.78423
 -0.19246E+01  0.14742E-01 -0.18657E+01   -130.55603
 -0.14579E+01  0.14200E-01 -0.14011E+01   -102.67491
 -0.24553E+00  0.66090E-01  0.18834E-01     -3.71502
 -0.97588E+00  0.66650E-02 -0.94922E+00   -146.41869
 -0.82588E+00  0.63523E-02 -0.80047E+00   -130.01178
 
 
    >>Objective:      10.7479       0.0248      10.7727
    >>Coeff of variance :       0.0146
    6  0.1077265E+02  0.7961620E+00  0.1934549E-01  0.1026545E+01  0.1221136E-02
 
    >>Normalized Constraint Values:
 -0.59652E-01  0.13978E-01 -0.37390E-02     -4.26749
 -0.52794E+00  0.16583E-01 -0.46160E+00    -31.83616
 -0.17054E+01  0.76487E-01 -0.13994E+01    -22.29641
 -0.19336E+01  0.13784E-01 -0.18784E+01   -140.28226
 -0.14662E+01  0.16752E-01 -0.13991E+01    -87.52072
 -0.27167E+00  0.78012E-01  0.40375E-01     -3.48245
 -0.97288E+00  0.79094E-02 -0.94124E+00   -123.00294
 -0.82698E+00  0.71271E-02 -0.79847E+00   -116.03311
 
 
    >>Objective:      10.5811       0.0265      10.6076
    >>Coeff of variance :       0.0154
    7  0.1060760E+02  0.3464558E+00  0.4449384E-01  0.5159263E+00  0.6821909E-04
 
    >>Normalized Constraint Values:
 -0.56955E-01  0.13635E-01 -0.24152E-02     -4.17714
 -0.51378E+00  0.21820E-01 -0.42650E+00    -23.54672
 -0.16532E+01  0.98445E-01 -0.12594E+01    -16.79331
 -0.19363E+01  0.13395E-01 -0.18827E+01   -144.55008
 -0.14793E+01  0.22056E-01 -0.13911E+01    -67.07230
 -0.31963E+00  0.10102E+00  0.84438E-01     -3.16411
 -0.96738E+00  0.10321E-01 -0.92610E+00    -93.72910
 -0.82966E+00  0.87331E-02 -0.79473E+00    -95.00201
 
 
    >>Objective:      10.4794       0.0308      10.5103
    >>Coeff of variance :       0.0168
    8  0.1051028E+02  0.3746768E+00  0.1045050E+00  0.7360758E+00  0.5284512E-05
 
    >>Normalized Constraint Values:
 -0.35367E-01  0.13361E-01  0.18077E-01     -2.64706
 -0.48941E+00  0.33089E-01 -0.35706E+00    -14.79081
 -0.16127E+01  0.94983E-01 -0.12328E+01    -16.97895
 -0.19572E+01  0.13116E-01 -0.19047E+01   -149.21925
 -0.15016E+01  0.33330E-01 -0.13683E+01    -45.05440
 -0.36273E+00  0.96973E-01  0.25159E-01     -3.74056
 -0.95921E+00  0.15891E-01 -0.89564E+00    -60.36165
 -0.83160E+00  0.13094E-01 -0.77922E+00    -63.50853
 
 
    >>Objective:      10.4513       0.0304      10.4817
    >>Coeff of variance :       0.0167
    9  0.1048166E+02  0.3827985E+00  0.5641609E-01  0.2485824E+01  0.9635795E-04
 
    >>Normalized Constraint Values:
 -0.35549E-01  0.13216E-01  0.17314E-01     -2.68991
 -0.46078E+00  0.27570E-01 -0.35050E+00    -16.71306
 -0.15540E+01  0.10205E+00 -0.11458E+01    -15.22790
 -0.19574E+01  0.13013E-01 -0.19053E+01   -150.42034
 -0.15313E+01  0.27778E-01 -0.14202E+01    -55.12532
 -0.41938E+00  0.10438E+00 -0.18679E-02     -4.01790
 -0.94811E+00  0.12409E-01 -0.89847E+00    -76.40233
 -0.83844E+00  0.94756E-02 -0.80054E+00    -88.48417
 
 
    >>Objective:      10.2605       0.0324      10.2929
    >>Coeff of variance :       0.0175
   10  0.1029287E+02  0.2155175E+00  0.3431070E-01  0.3904834E+00  0.6782526E-04
 
    >>Normalized Constraint Values:
 -0.52861E-01  0.13637E-01  0.16873E-02     -3.87627
 -0.47229E+00  0.27306E-01 -0.36307E+00    -17.29641
 -0.15603E+01  0.10171E+00 -0.11535E+01    -15.34065
 -0.19402E+01  0.13410E-01 -0.18866E+01   -144.69127
 -0.15199E+01  0.27526E-01 -0.14098E+01    -55.21808
 -0.41288E+00  0.10428E+00  0.42545E-02     -3.95920
 -0.95066E+00  0.12303E-01 -0.90144E+00    -77.27006
 -0.83933E+00  0.94666E-02 -0.80146E+00    -88.66224
 
 
    >>Objective:      10.4402       0.0340      10.4742
    >>Coeff of variance :       0.0177
   11  0.1047420E+02  0.6263732E-01  0.4346774E-02  0.4034152E+00  0.3269145E-04
 
    >>Normalized Constraint Values:
 -0.54796E-01  0.14878E-01  0.47168E-02     -3.68298
 -0.47050E+00  0.33067E-01 -0.33823E+00    -14.22863
 -0.15596E+01  0.12575E+00 -0.10566E+01    -12.40243
 -0.19382E+01  0.14555E-01 -0.18800E+01   -133.16842
 -0.15206E+01  0.33453E-01 -0.13868E+01    -45.45370
 -0.40756E+00  0.12980E+00  0.11164E+00     -3.13989
 -0.95032E+00  0.15150E-01 -0.88972E+00    -62.72520
 -0.83851E+00  0.11819E-01 -0.79123E+00    -70.94550
 
 
    >>Objective:      10.4079       0.0369      10.4448
    >>Coeff of variance :       0.0185
   12  0.1044482E+02  0.1368949E+00  0.1116458E+00  0.1452692E+01  0.1372405E-04
 
    >>Normalized Constraint Values:
 -0.54798E-01  0.14922E-01  0.48885E-02     -3.67239
 -0.47043E+00  0.33542E-01 -0.33626E+00    -14.02524
 -0.15590E+01  0.12810E+00 -0.10466E+01    -12.17075
 -0.19382E+01  0.14560E-01 -0.18800E+01   -133.11717
 -0.15205E+01  0.33988E-01 -0.13846E+01    -44.73733
 -0.40768E+00  0.13181E+00  0.11958E+00     -3.09283
 -0.95026E+00  0.15401E-01 -0.88865E+00    -61.69961
 -0.83852E+00  0.12022E-01 -0.79043E+00    -69.74653
 
 
    >>Objective:      10.4039       0.0371      10.4410
    >>Coeff of variance :       0.0185
   13  0.1044100E+02  0.7070550E+01  0.1195785E+00  0.1537696E+01  0.1011223E-04
 
    >>Normalized Constraint Values:
 -0.55775E-01  0.19217E-01  0.21092E-01     -2.90242
 -0.45569E+00  0.42458E-01 -0.28586E+00    -10.73289
 -0.15526E+01  0.16216E+00 -0.90394E+00     -9.57435
 -0.19368E+01  0.18598E-01 -0.18624E+01   -104.14196
 -0.15332E+01  0.43361E-01 -0.13598E+01    -35.35997
 -0.40302E+00  0.16901E+00  0.27303E+00     -2.38458
 -0.94703E+00  0.19603E-01 -0.86862E+00    -48.31025
 -0.83607E+00  0.15473E-01 -0.77418E+00    -54.03501
 
 
    >>Objective:      10.4002       0.0425      10.4428
    >>Coeff of variance :       0.0198
 
    >>Normalized Constraint Values:
 -0.56137E-01  0.19300E-01  0.21064E-01     -2.90862
 -0.45578E+00  0.42393E-01 -0.28621E+00    -10.75128
 -0.15523E+01  0.16204E+00 -0.90412E+00     -9.57965
 -0.19365E+01  0.18576E-01 -0.18622E+01   -104.24784
 -0.15332E+01  0.43335E-01 -0.13598E+01    -35.37973
 -0.40338E+00  0.16873E+00  0.27153E+00     -2.39072
 -0.94703E+00  0.19572E-01 -0.86874E+00    -48.38803
 -0.83611E+00  0.15438E-01 -0.77436E+00    -54.15801
 
 
    >>Objective:      10.4046       0.0426      10.4472
    >>Coeff of variance :       0.0198
 
    >>Normalized Constraint Values:
 -0.56143E-01  0.19270E-01  0.20935E-01     -2.91355
 -0.45578E+00  0.42349E-01 -0.28638E+00    -10.76245
 -0.15523E+01  0.16205E+00 -0.90404E+00     -9.57859
 -0.19365E+01  0.18606E-01 -0.18620E+01   -104.07946
 -0.15332E+01  0.43367E-01 -0.13597E+01    -35.35303
 -0.40339E+00  0.16895E+00  0.27240E+00     -2.38766
 -0.94703E+00  0.19579E-01 -0.86871E+00    -48.36922
 -0.83611E+00  0.15420E-01 -0.77443E+00    -54.22281
 
 
    >>Objective:      10.4049       0.0426      10.4475
    >>Coeff of variance :       0.0198
 
    >>Normalized Constraint Values:
 -0.55304E-01  0.16834E-01  0.12032E-01     -3.28525
 -0.46327E+00  0.37532E-01 -0.31314E+00    -12.34333
 -0.15558E+01  0.14288E+00 -0.98431E+00    -10.88902
 -0.19375E+01  0.16312E-01 -0.18723E+01   -118.78054
 -0.15268E+01  0.38121E-01 -0.13743E+01    -40.05149
 -0.40607E+00  0.14803E+00  0.18605E+00     -2.74314
 -0.94869E+00  0.17238E-01 -0.87974E+00    -55.03504
 -0.83740E+00  0.13507E-01 -0.78337E+00    -61.99763
 
 
    >>Objective:      10.4001       0.0397      10.4398
    >>Coeff of variance :       0.0192
   14  0.1043984E+02  0.6628410E+01  0.2061672E+00  0.3339482E+01  0.1011223E-04
 
    >>Normalized Constraint Values:
 -0.57360E-01  0.19258E-01  0.19671E-01     -2.97854
 -0.45587E+00  0.42057E-01 -0.28764E+00    -10.83917
 -0.15490E+01  0.16191E+00 -0.90139E+00     -9.56729
 -0.19353E+01  0.18590E-01 -0.18609E+01   -104.10163
 -0.15332E+01  0.43004E-01 -0.13612E+01    -35.65207
 -0.40672E+00  0.16835E+00  0.26667E+00     -2.41596
 -0.94698E+00  0.19401E-01 -0.86938E+00    -48.81041
 -0.83628E+00  0.15255E-01 -0.77526E+00    -54.81991
 
 
    >>Objective:      10.4201       0.0429      10.4630
    >>Coeff of variance :       0.0199
 
    >>Normalized Constraint Values:
 -0.57844E-01  0.19295E-01  0.19336E-01     -2.99788
 -0.45571E+00  0.42071E-01 -0.28742E+00    -10.83195
 -0.15484E+01  0.16106E+00 -0.90422E+00     -9.61423
 -0.19348E+01  0.18596E-01 -0.18604E+01   -104.04450
 -0.15333E+01  0.42950E-01 -0.13615E+01    -35.70044
 -0.40747E+00  0.16809E+00  0.26488E+00     -2.42413
 -0.94686E+00  0.19392E-01 -0.86929E+00    -48.82728
 -0.83642E+00  0.15248E-01 -0.77543E+00    -54.85269
 
 
    >>Objective:      10.4259       0.0429      10.4688
    >>Coeff of variance :       0.0199
 
    >>Normalized Constraint Values:
 -0.57858E-01  0.19263E-01  0.19195E-01     -3.00356
 -0.45571E+00  0.42068E-01 -0.28744E+00    -10.83263
 -0.15484E+01  0.16137E+00 -0.90290E+00     -9.59511
 -0.19348E+01  0.18607E-01 -0.18604E+01   -103.98113
 -0.15333E+01  0.42940E-01 -0.13616E+01    -35.70879
 -0.40746E+00  0.16800E+00  0.26454E+00     -2.42536
 -0.94686E+00  0.19378E-01 -0.86935E+00    -48.86354
 -0.83642E+00  0.15233E-01 -0.77549E+00    -54.90684
 
 
    >>Objective:      10.4260       0.0429      10.4689
    >>Coeff of variance :       0.0199
 
    >>Normalized Constraint Values:
 -0.56318E-01  0.17969E-01  0.15560E-01     -3.13407
 -0.45962E+00  0.39664E-01 -0.30096E+00    -11.58786
 -0.15525E+01  0.15184E+00 -0.94511E+00    -10.22437
 -0.19364E+01  0.17411E-01 -0.18668E+01   -111.21661
 -0.15300E+01  0.40407E-01 -0.13683E+01    -37.86369
 -0.40655E+00  0.15733E+00  0.22276E+00     -2.58410
 -0.94784E+00  0.18277E-01 -0.87474E+00    -51.86018
 -0.83687E+00  0.14309E-01 -0.77963E+00    -58.48528
 
 
    >>Objective:      10.4095       0.0412      10.4507
    >>Coeff of variance :       0.0195
 
    >>Normalized Constraint Values:
 -0.55806E-01  0.17379E-01  0.13709E-01     -3.21118
 -0.46146E+00  0.38497E-01 -0.30747E+00    -11.98676
 -0.15541E+01  0.14751E+00 -0.96408E+00    -10.53555
 -0.19370E+01  0.16854E-01 -0.18696E+01   -114.92540
 -0.15284E+01  0.39294E-01 -0.13712E+01    -38.89580
 -0.40636E+00  0.15259E+00  0.20400E+00     -2.66306
 -0.94827E+00  0.17749E-01 -0.87727E+00    -53.42663
 -0.83714E+00  0.13912E-01 -0.78149E+00    -60.17592
 
 
    >>Objective:      10.4045       0.0404      10.4449
    >>Coeff of variance :       0.0193
 
    >>Normalized Constraint Values:
 -0.55554E-01  0.17114E-01  0.12902E-01     -3.24610
 -0.46237E+00  0.38041E-01 -0.31020E+00    -12.15441
 -0.15550E+01  0.14517E+00 -0.97431E+00    -10.71149
 -0.19373E+01  0.16598E-01 -0.18709E+01   -116.71653
 -0.15276E+01  0.38688E-01 -0.13728E+01    -39.48528
 -0.40623E+00  0.15033E+00  0.19510E+00     -2.70221
 -0.94848E+00  0.17482E-01 -0.87855E+00    -54.25360
 -0.83727E+00  0.13685E-01 -0.78253E+00    -61.18297
 
 
    >>Objective:      10.4024       0.0400      10.4424
    >>Coeff of variance :       0.0192
 
    >>Normalized Constraint Values:
 -0.55430E-01  0.16923E-01  0.12261E-01     -3.27547
 -0.46281E+00  0.37773E-01 -0.31172E+00    -12.25261
 -0.15554E+01  0.14404E+00 -0.97924E+00    -10.79839
 -0.19374E+01  0.16429E-01 -0.18717E+01   -117.92622
 -0.15272E+01  0.38419E-01 -0.13735E+01    -39.75153
 -0.40613E+00  0.14906E+00  0.19012E+00     -2.72454
 -0.94859E+00  0.17376E-01 -0.87908E+00    -54.59141
 -0.83734E+00  0.13617E-01 -0.78287E+00    -61.49275
 
 
    >>Objective:      10.4013       0.0399      10.4412
    >>Coeff of variance :       0.0192
 
    >>Normalized Constraint Values:
 -0.55366E-01  0.16854E-01  0.12051E-01     -3.28498
 -0.46304E+00  0.37665E-01 -0.31238E+00    -12.29362
 -0.15556E+01  0.14366E+00 -0.98097E+00    -10.82828
 -0.19375E+01  0.16374E-01 -0.18720E+01   -118.32534
 -0.15270E+01  0.38320E-01 -0.13737E+01    -39.84855
 -0.40611E+00  0.14860E+00  0.18827E+00     -2.73300
 -0.94864E+00  0.17287E-01 -0.87950E+00    -54.87700
 -0.83737E+00  0.13555E-01 -0.78315E+00    -61.77404
 
 
    >>Objective:      10.4008       0.0397      10.4406
    >>Coeff of variance :       0.0192
 
    >>Normalized Constraint Values:
 -0.55335E-01  0.16826E-01  0.11970E-01     -3.28859
 -0.46315E+00  0.37565E-01 -0.31290E+00    -12.32949
 -0.15557E+01  0.14331E+00 -0.98246E+00    -10.85538
 -0.19375E+01  0.16327E-01 -0.18722E+01   -118.66799
 -0.15269E+01  0.38225E-01 -0.13740E+01    -39.94589
 -0.40610E+00  0.14824E+00  0.18687E+00     -2.73944
 -0.94866E+00  0.17270E-01 -0.87959E+00    -54.93154
 -0.83739E+00  0.13537E-01 -0.78324E+00    -61.85990
 
 
    >>Objective:      10.4006       0.0397      10.4403
    >>Coeff of variance :       0.0192
 
    >>Normalized Constraint Values:
 -0.55319E-01  0.16808E-01  0.11911E-01     -3.29132
 -0.46321E+00  0.37487E-01 -0.31326E+00    -12.35664
 -0.15558E+01  0.14306E+00 -0.98353E+00    -10.87474
 -0.19375E+01  0.16324E-01 -0.18722E+01   -118.68749
 -0.15269E+01  0.38168E-01 -0.13742E+01    -40.00405
 -0.40609E+00  0.14819E+00  0.18667E+00     -2.74034
 -0.94868E+00  0.17278E-01 -0.87956E+00    -54.90659
 -0.83740E+00  0.13528E-01 -0.78329E+00    -61.90299
 
 
    >>Objective:      10.4004       0.0397      10.4401
    >>Coeff of variance :       0.0192
 
    >>Normalized Constraint Values:
 -0.55312E-01  0.16785E-01  0.11828E-01     -3.29531
 -0.46324E+00  0.37508E-01 -0.31320E+00    -12.35026
 -0.15558E+01  0.14325E+00 -0.98278E+00    -10.86072
 -0.19375E+01  0.16352E-01 -0.18721E+01   -118.48675
 -0.15268E+01  0.38159E-01 -0.13742E+01    -40.01234
 -0.40609E+00  0.14810E+00  0.18632E+00     -2.74195
 -0.94868E+00  0.17262E-01 -0.87964E+00    -54.95905
 -0.83740E+00  0.13483E-01 -0.78346E+00    -62.10777
 
 
    >>Objective:      10.4003       0.0397      10.4400
    >>Coeff of variance :       0.0192
 
    >>Normalized Constraint Values:
 -0.55307E-01  0.16818E-01  0.11965E-01     -3.28858
 -0.46325E+00  0.37518E-01 -0.31318E+00    -12.34750
 -0.15558E+01  0.14288E+00 -0.98431E+00    -10.88889
 -0.19375E+01  0.16341E-01 -0.18722E+01   -118.56987
 -0.15268E+01  0.38142E-01 -0.13743E+01    -40.02952
 -0.40607E+00  0.14800E+00  0.18592E+00     -2.74377
 -0.94868E+00  0.17275E-01 -0.87958E+00    -54.91510
 -0.83740E+00  0.13497E-01 -0.78341E+00    -62.04509
 
 
    >>Objective:      10.4003       0.0397      10.4400
    >>Coeff of variance :       0.0192
   15  0.1043997E+02  0.4843447E+00  0.2060252E+00  0.3342308E+01  0.1011223E-04
 
    >>Normalized Constraint Values:
 -0.63995E-01  0.17435E-01  0.57444E-02     -3.67052
 -0.42811E+00  0.36272E-01 -0.28302E+00    -11.80279
 -0.13368E+01  0.15101E+00 -0.73279E+00     -8.85261
 -0.19297E+01  0.16995E-01 -0.18617E+01   -113.54701
 -0.15634E+01  0.36930E-01 -0.14157E+01    -42.33313
 -0.62925E+00  0.15667E+00 -0.25633E-02     -4.01636
 -0.93605E+00  0.15741E-01 -0.87308E+00    -59.46699
 -0.84404E+00  0.11406E-01 -0.79842E+00    -73.99865
 
 
    >>Objective:      10.5662       0.0468      10.6129
    >>Coeff of variance :       0.0205
   16  0.1061293E+02  0.3800879E+00  0.6305483E-01  0.5876168E+00  0.1011223E-04
 
    >>Normalized Constraint Values:
 -0.67526E-01  0.17980E-01  0.43929E-02     -3.75567
 -0.41983E+00  0.38984E-01 -0.26389E+00    -10.76926
 -0.13639E+01  0.15228E+00 -0.75478E+00     -8.95646
 -0.19260E+01  0.17478E-01 -0.18561E+01   -110.19236
 -0.15709E+01  0.39710E-01 -0.14121E+01    -39.55976
 -0.60013E+00  0.15827E+00  0.32972E-01     -3.79168
 -0.93178E+00  0.17013E-01 -0.86373E+00    -54.76844
 -0.84720E+00  0.12331E-01 -0.79788E+00    -68.70240
 
 
    >>Objective:      10.5676       0.0472      10.6147
    >>Coeff of variance :       0.0205
   17  0.1061473E+02  0.9731301E-01  0.4216917E-01  0.3660064E+00  0.1011223E-04
 
    >>Normalized Constraint Values:
 -0.68374E-01  0.18843E-01  0.69981E-02     -3.62861
 -0.41632E+00  0.41115E-01 -0.25186E+00    -10.12576
 -0.13679E+01  0.15941E+00 -0.73032E+00     -8.58154
 -0.19251E+01  0.18262E-01 -0.18520E+01   -105.41299
 -0.15740E+01  0.41915E-01 -0.14063E+01    -37.55180
 -0.59372E+00  0.16592E+00  0.69968E-01     -3.57831
 -0.93054E+00  0.18026E-01 -0.85843E+00    -51.62222
 -0.84745E+00  0.13159E-01 -0.79481E+00    -64.40267
 
 
    >>Objective:      10.5618       0.0480      10.6098
    >>Coeff of variance :       0.0207
   18  0.1060976E+02  0.1348257E+00  0.7336552E-01  0.8725113E+00  0.1011223E-04
 
    >>Normalized Constraint Values:
 -0.75810E-01  0.19055E-01  0.40927E-03     -3.97852
 -0.39491E+00  0.43422E-01 -0.22123E+00     -9.09484
 -0.13403E+01  0.15041E+00 -0.73864E+00     -8.91071
 -0.19177E+01  0.18439E-01 -0.18439E+01   -103.99823
 -0.15950E+01  0.44196E-01 -0.14182E+01    -36.08928
 -0.62355E+00  0.15615E+00  0.10584E-02     -3.99322
 -0.92067E+00  0.18872E-01 -0.84518E+00    -48.78525
 -0.85455E+00  0.13392E-01 -0.80098E+00    -63.80906
 
 
    >>Objective:      10.6345       0.0497      10.6842
    >>Coeff of variance :       0.0210
   19  0.1068420E+02  0.7684799E-01  0.2428183E-02  0.1264316E+01  0.1011223E-04
 
    >>Normalized Constraint Values:
 -0.75855E-01  0.18983E-01  0.76541E-04     -3.99597
 -0.39588E+00  0.42967E-01 -0.22402E+00     -9.21369
 -0.13342E+01  0.15128E+00 -0.72906E+00     -8.81923
 -0.19177E+01  0.18421E-01 -0.18440E+01   -104.10390
 -0.15942E+01  0.43756E-01 -0.14192E+01    -36.43383
 -0.62962E+00  0.15718E+00 -0.89021E-03     -4.00566
 -0.92122E+00  0.18635E-01 -0.84668E+00    -49.43567
 -0.85413E+00  0.13178E-01 -0.80142E+00    -64.81680
 
 
    >>Objective:      10.6382       0.0498      10.6880
    >>Coeff of variance :       0.0210
   20  0.1068796E+02  0.1568903E-01  0.8681863E-03  0.3889280E+00  0.4229614E-04
 
    >>Normalized Constraint Values:
 -0.75749E-01  0.18978E-01  0.16395E-03     -3.99136
 -0.39684E+00  0.42706E-01 -0.22601E+00     -9.29232
 -0.13318E+01  0.15209E+00 -0.72348E+00     -8.75692
 -0.19178E+01  0.18332E-01 -0.18445E+01   -104.61637
 -0.15933E+01  0.43361E-01 -0.14198E+01    -36.74455
 -0.63186E+00  0.15786E+00 -0.41457E-03     -4.00263
 -0.92170E+00  0.18510E-01 -0.84766E+00    -49.79462
 -0.85377E+00  0.13109E-01 -0.80134E+00    -65.13040
 
 
    >>Objective:      10.6386       0.0499      10.6885
    >>Coeff of variance :       0.0210
   21  0.1068852E+02  0.8876199E-02  0.6656119E-03  0.1222235E-01  0.2212490E-05
 
    >>Normalized Constraint Values:
 -0.75894E-01  0.18964E-01 -0.37631E-04     -4.00198
 -0.39715E+00  0.42560E-01 -0.22691E+00     -9.33148
 -0.13320E+01  0.15241E+00 -0.72233E+00     -8.73945
 -0.19176E+01  0.18391E-01 -0.18441E+01   -104.26867
 -0.15930E+01  0.43452E-01 -0.14192E+01    -36.66077
 -0.63168E+00  0.15769E+00 -0.92349E-03     -4.00586
 -0.92182E+00  0.18469E-01 -0.84795E+00    -49.91258
 -0.85370E+00  0.13058E-01 -0.80147E+00    -65.37669
 
 
    >>Objective:      10.6405       0.0499      10.6905
    >>Coeff of variance :       0.0210
 
    >>Normalized Constraint Values:
 -0.75852E-01  0.18933E-01 -0.12122E-03     -4.00640
 -0.39737E+00  0.42578E-01 -0.22706E+00     -9.33282
 -0.13328E+01  0.15206E+00 -0.72450E+00     -8.76447
 -0.19177E+01  0.18350E-01 -0.18443E+01   -104.50695
 -0.15928E+01  0.43351E-01 -0.14194E+01    -36.74146
 -0.63092E+00  0.15769E+00 -0.13930E-03     -4.00088
 -0.92191E+00  0.18460E-01 -0.84807E+00    -49.94007
 -0.85365E+00  0.13093E-01 -0.80128E+00    -65.20016
 
 
    >>Objective:      10.6401       0.0499      10.6900
    >>Coeff of variance :       0.0210
 
    >>Normalized Constraint Values:
 -0.75734E-01  0.18963E-01  0.11641E-03     -3.99386
 -0.39732E+00  0.42613E-01 -0.22687E+00     -9.32384
 -0.13326E+01  0.15213E+00 -0.72413E+00     -8.76000
 -0.19178E+01  0.18371E-01 -0.18443E+01   -104.39371
 -0.15928E+01  0.43382E-01 -0.14193E+01    -36.71623
 -0.63102E+00  0.15790E+00  0.58138E-03     -3.99632
 -0.92190E+00  0.18482E-01 -0.84797E+00    -49.88026
 -0.85364E+00  0.13088E-01 -0.80129E+00    -65.22130
 
 
    >>Objective:      10.6386       0.0498      10.6885
    >>Coeff of variance :       0.0210
   22  0.1068845E+02  0.1350041E-02  0.6133910E-03  0.6449643E-01  0.6175346E-07
 
    >>Normalized Constraint Values:
 -0.75858E-01  0.18947E-01 -0.70966E-04     -4.00375
 -0.39717E+00  0.42628E-01 -0.22666E+00     -9.31707
 -0.13327E+01  0.15189E+00 -0.72511E+00     -8.77402
 -0.19177E+01  0.18372E-01 -0.18442E+01   -104.38188
 -0.15930E+01  0.43410E-01 -0.14193E+01    -36.69600
 -0.63112E+00  0.15759E+00 -0.75843E-03     -4.00481
 -0.92184E+00  0.18454E-01 -0.84802E+00    -49.95341
 -0.85370E+00  0.13095E-01 -0.80132E+00    -65.19430
 
 
    >>Objective:      10.6400       0.0498      10.6898
    >>Coeff of variance :       0.0210
 
    >>Normalized Constraint Values:
 -0.75783E-01  0.18920E-01 -0.10203E-03     -4.00539
 -0.39736E+00  0.42615E-01 -0.22690E+00     -9.32437
 -0.13330E+01  0.15203E+00 -0.72492E+00     -8.76824
 -0.19177E+01  0.18372E-01 -0.18443E+01   -104.38485
 -0.15928E+01  0.43404E-01 -0.14192E+01    -36.69694
 -0.63061E+00  0.15792E+00  0.10573E-02     -3.99330
 -0.92191E+00  0.18482E-01 -0.84798E+00    -49.88186
 -0.85365E+00  0.13084E-01 -0.80131E+00    -65.24229
 
 
    >>Objective:      10.6394       0.0499      10.6892
    >>Coeff of variance :       0.0210
 
    >>Normalized Constraint Values:
 -0.75796E-01  0.18969E-01  0.82027E-04     -3.99568
 -0.39723E+00  0.42548E-01 -0.22704E+00     -9.33602
 -0.13326E+01  0.15221E+00 -0.72378E+00     -8.75520
 -0.19177E+01  0.18359E-01 -0.18443E+01   -104.45475
 -0.15929E+01  0.43413E-01 -0.14192E+01    -36.69175
 -0.63108E+00  0.15792E+00  0.60333E-03     -3.99618
 -0.92186E+00  0.18467E-01 -0.84799E+00    -49.91884
 -0.85367E+00  0.13083E-01 -0.80134E+00    -65.25016
 
 
    >>Objective:      10.6394       0.0499      10.6893
    >>Coeff of variance :       0.0210
 
    >>Normalized Constraint Values:
 -0.75766E-01  0.18938E-01 -0.14377E-04     -4.00076
 -0.39728E+00  0.42651E-01 -0.22668E+00     -9.31469
 -0.13326E+01  0.15233E+00 -0.72327E+00     -8.74816
 -0.19178E+01  0.18370E-01 -0.18443E+01   -104.39857
 -0.15929E+01  0.43428E-01 -0.14191E+01    -36.67772
 -0.63102E+00  0.15767E+00 -0.32889E-03     -4.00209
 -0.92188E+00  0.18487E-01 -0.84793E+00    -49.86514
 -0.85367E+00  0.13104E-01 -0.80125E+00    -65.14420
 
 
    >>Objective:      10.6390       0.0499      10.6889
    >>Coeff of variance :       0.0210
 
    >>Normalized Constraint Values:
 -0.75753E-01  0.18986E-01  0.19178E-03     -3.98990
 -0.39730E+00  0.42638E-01 -0.22675E+00     -9.31798
 -0.13326E+01  0.15217E+00 -0.72394E+00     -8.75727
 -0.19178E+01  0.18378E-01 -0.18443E+01   -104.35286
 -0.15928E+01  0.43394E-01 -0.14192E+01    -36.70620
 -0.63105E+00  0.15769E+00 -0.27966E-03     -4.00177
 -0.92189E+00  0.18467E-01 -0.84802E+00    -49.92048
 -0.85366E+00  0.13109E-01 -0.80122E+00    -65.12149
 
 
    >>Objective:      10.6389       0.0499      10.6888
    >>Coeff of variance :       0.0210
   23  0.1068876E+02  0.7331847E-03  0.4185185E-03  0.9588224E-01  0.1196392E-06
 
 The solution was found.
 
 The final value of the objective function is    10.6887574343217     
 
 The optimal values of X are:
 
 X  (           1 ) =    4.99999976877067      in^2
 X  (           2 ) =    1.25207592710625      in^2
 X  (           3 ) =   0.250000121031213      in^2
 X  (           4 ) =    34.6930990383037      deg
 X  (           5 ) =    60.0000003945448      deg
 X  (           6 ) =    135.646242255125      deg
 
 The multipliers for the equality constraints are:
 
 LAM(           1 ) =    12.5542710419687     
 LAM(           2 ) =   2.692348291384210E-007
 LAM(           3 ) =   9.340209707940749E-008
 LAM(           4 ) =   3.732862970955034E-008
 LAM(           5 ) =   4.837633336323179E-008
 LAM(           6 ) =   5.727734887082672E-003
 LAM(           7 ) =   8.023173995973582E-008
 LAM(           8 ) =   8.657323815472082E-008
 
Weight, variance, SD, CV:      10.6389       0.0499       0.2233       0.0210
